X(duedit_compatible)
*@tiles
120 0 0 1
113 0 1 1
122 0 2 1
122 0 3 1
120 0 4 1
1001 0 5 1
120 0 6 1
120 0 7 1
122 0 8 1
120 0 9 1
120 0 10 1
120 0 11 1
120 1 0 1
122 1 1 1
46 1 2 1
122 1 3 1
113 1 4 1
46 1 5 1
46 1 6 1
46 1 7 1
46 1 8 1
46 1 9 1
46 1 10 1
120 1 11 1
122 2 0 1
122 2 1 1
46 2 2 1
120 2 3 1
120 2 4 1
120 2 5 1
120 2 6 1
46 2 7 1
46 2 8 1
46 2 9 1
46 2 10 1
122 2 11 1
120 3 0 1
46 3 1 1
46 3 2 1
46 3 3 1
46 3 4 1
46 3 5 1
46 3 6 1
46 3 7 1
46 3 8 1
46 3 9 1
46 3 10 1
122 3 11 1
120 4 0 1
46 4 1 1
46 4 2 1
46 4 3 1
46 4 4 1
46 4 5 1
46 4 6 1
120 4 7 1
120 4 8 1
46 4 9 1
46 4 10 1
120 4 11 1
113 5 0 1
46 5 1 1
46 5 2 1
46 5 3 1
46 5 4 1
46 5 5 1
46 5 6 1
46 5 7 1
46 5 8 1
46 5 9 1
120 5 10 1
120 5 11 1
122 6 0 1
46 6 1 1
46 6 2 1
122 6 3 1
46 6 4 1
120 6 5 1
46 6 6 1
120 6 7 1
122 6 8 1
46 6 9 1
122 6 10 1
122 6 11 1
120 7 0 1
46 7 1 1
46 7 2 1
46 7 3 1
46 7 4 1
120 7 5 1
46 7 6 1
122 7 7 1
120 7 8 1
46 7 9 1
122 7 10 1
120 7 11 1
122 8 0 1
122 8 1 1
46 8 2 1
46 8 3 1
46 8 4 1
46 8 5 1
46 8 6 1
120 8 7 1
113 8 8 1
46 8 9 1
120 8 10 1
122 8 11 1
120 9 0 1
122 9 1 1
46 9 2 1
46 9 3 1
46 9 4 1
122 9 5 1
122 9 6 1
120 9 7 1
113 9 8 1
46 9 9 1
122 9 10 1
122 9 11 1
120 10 0 1
120 10 1 1
122 10 2 1
120 10 3 1
46 10 4 1
46 10 5 1
46 10 6 1
46 10 7 1
120 10 8 1
46 10 9 1
120 10 10 1
120 10 11 1
120 11 0 1
46 11 1 1
46 11 2 1
46 11 3 1
46 11 4 1
120 11 5 1
46 11 6 1
46 11 7 1
46 11 8 1
46 11 9 1
120 11 10 1
122 11 11 1
120 12 0 1
46 12 1 1
46 12 2 1
46 12 3 1
46 12 4 1
120 12 5 1
46 12 6 1
46 12 7 1
46 12 8 1
46 12 9 1
46 12 10 1
120 12 11 1
120 13 0 1
46 13 1 1
46 13 2 1
120 13 3 1
46 13 4 1
120 13 5 1
120 13 6 1
46 13 7 1
120 13 8 1
46 13 9 1
122 13 10 1
120 13 11 1
122 14 0 1
46 14 1 1
46 14 2 1
120 14 3 1
46 14 4 1
46 14 5 1
46 14 6 1
46 14 7 1
46 14 8 1
46 14 9 1
120 14 10 1
120 14 11 1
122 15 0 1
122 15 1 1
120 15 2 1
120 15 3 1
122 15 4 1
1002 15 5 1
120 15 6 1
120 15 7 1
113 15 8 1
120 15 9 1
120 15 10 1
120 15 11 1
200 2 10 1
200 3 10 1
201 4 10 1
201 3 7 1
201 4 4 1
200 2 2 1
201 12 10 1
120 0 0 2
120 0 1 2
120 0 2 2
122 0 3 2
120 0 4 2
1001 0 5 2
120 0 6 2
120 0 7 2
120 0 8 2
120 0 9 2
120 0 10 2
120 0 11 2
120 1 0 2
120 1 1 2
120 1 2 2
122 1 3 2
120 1 4 2
46 1 5 2
46 1 6 2
46 1 7 2
46 1 8 2
46 1 9 2
46 1 10 2
120 1 11 2
120 2 0 2
113 2 1 2
120 2 2 2
120 2 3 2
120 2 4 2
120 2 5 2
120 2 6 2
46 2 7 2
120 2 8 2
120 2 9 2
113 2 10 2
120 2 11 2
120 3 0 2
120 3 1 2
120 3 2 2
46 3 3 2
46 3 4 2
46 3 5 2
120 3 6 2
46 3 7 2
120 3 8 2
120 3 9 2
120 3 10 2
120 3 11 2
122 4 0 2
120 4 1 2
120 4 2 2
46 4 3 2
120 4 4 2
46 4 5 2
46 4 6 2
46 4 7 2
120 4 8 2
120 4 9 2
113 4 10 2
120 4 11 2
120 5 0 2
46 5 1 2
46 5 2 2
46 5 3 2
120 5 4 2
122 5 5 2
46 5 6 2
46 5 7 2
46 5 8 2
120 5 9 2
120 5 10 2
120 5 11 2
120 6 0 2
46 6 1 2
120 6 2 2
120 6 3 2
120 6 4 2
120 6 5 2
46 6 6 2
120 6 7 2
46 6 8 2
120 6 9 2
120 6 10 2
120 6 11 2
120 7 0 2
46 7 1 2
46 7 2 2
46 7 3 2
120 7 4 2
120 7 5 2
46 7 6 2
122 7 7 2
46 7 8 2
120 7 9 2
120 7 10 2
120 7 11 2
120 8 0 2
120 8 1 2
120 8 2 2
46 8 3 2
120 8 4 2
120 8 5 2
46 8 6 2
46 8 7 2
46 8 8 2
122 8 9 2
122 8 10 2
120 8 11 2
120 9 0 2
46 9 1 2
46 9 2 2
46 9 3 2
120 9 4 2
120 9 5 2
120 9 6 2
113 9 7 2
120 9 8 2
122 9 9 2
120 9 10 2
120 9 11 2
120 10 0 2
122 10 1 2
46 10 2 2
120 10 3 2
120 10 4 2
120 10 5 2
120 10 6 2
122 10 7 2
120 10 8 2
122 10 9 2
120 10 10 2
122 10 11 2
122 11 0 2
120 11 1 2
46 11 2 2
120 11 3 2
120 11 4 2
120 11 5 2
120 11 6 2
120 11 7 2
120 11 8 2
122 11 9 2
120 11 10 2
120 11 11 2
120 12 0 2
46 12 1 2
46 12 2 2
46 12 3 2
46 12 4 2
46 12 5 2
120 12 6 2
120 12 7 2
113 12 8 2
120 12 9 2
120 12 10 2
120 12 11 2
113 13 0 2
46 13 1 2
46 13 2 2
46 13 3 2
46 13 4 2
46 13 5 2
46 13 6 2
46 13 7 2
46 13 8 2
46 13 9 2
122 13 10 2
113 13 11 2
120 14 0 2
46 14 1 2
46 14 2 2
46 14 3 2
46 14 4 2
46 14 5 2
46 14 6 2
46 14 7 2
46 14 8 2
46 14 9 2
120 14 10 2
120 14 11 2
120 15 0 2
122 15 1 2
120 15 2 2
122 15 3 2
120 15 4 2
1003 15 5 2
120 15 6 2
122 15 7 2
120 15 8 2
120 15 9 2
120 15 10 2
120 15 11 2
200 2 7 2
201 4 7 2
201 4 6 2
200 9 2 2
201 12 2 2
200 12 3 2
201 14 5 2
120 0 0 3
120 0 1 3
122 0 2 3
113 0 3 3
120 0 4 3
1002 0 5 3
120 0 6 3
122 0 7 3
120 0 8 3
120 0 9 3
120 0 10 3
120 0 11 3
120 1 0 3
120 1 1 3
120 1 2 3
120 1 3 3
120 1 4 3
46 1 5 3
46 1 6 3
46 1 7 3
46 1 8 3
46 1 9 3
46 1 10 3
120 1 11 3
120 2 0 3
120 2 1 3
120 2 2 3
120 2 3 3
120 2 4 3
120 2 5 3
120 2 6 3
46 2 7 3
120 2 8 3
120 2 9 3
120 2 10 3
120 2 11 3
120 3 0 3
46 3 1 3
46 3 2 3
46 3 3 3
46 3 4 3
46 3 5 3
46 3 6 3
46 3 7 3
120 3 8 3
120 3 9 3
120 3 10 3
113 3 11 3
120 4 0 3
120 4 1 3
46 4 2 3
120 4 3 3
120 4 4 3
120 4 5 3
46 4 6 3
46 4 7 3
113 4 8 3
120 4 9 3
120 4 10 3
120 4 11 3
120 5 0 3
46 5 1 3
46 5 2 3
46 5 3 3
46 5 4 3
120 5 5 3
120 5 6 3
120 5 7 3
120 5 8 3
120 5 9 3
120 5 10 3
120 5 11 3
120 6 0 3
46 6 1 3
46 6 2 3
120 6 3 3
46 6 4 3
120 6 5 3
120 6 6 3
120 6 7 3
113 6 8 3
120 6 9 3
120 6 10 3
120 6 11 3
120 7 0 3
46 7 1 3
46 7 2 3
46 7 3 3
46 7 4 3
46 7 5 3
46 7 6 3
46 7 7 3
120 7 8 3
120 7 9 3
120 7 10 3
120 7 11 3
120 8 0 3
46 8 1 3
46 8 2 3
120 8 3 3
46 8 4 3
120 8 5 3
120 8 6 3
46 8 7 3
120 8 8 3
120 8 9 3
120 8 10 3
120 8 11 3
120 9 0 3
46 9 1 3
46 9 2 3
122 9 3 3
46 9 4 3
122 9 5 3
113 9 6 3
46 9 7 3
122 9 8 3
113 9 9 3
120 9 10 3
120 9 11 3
120 10 0 3
46 10 1 3
122 10 2 3
120 10 3 3
46 10 4 3
120 10 5 3
113 10 6 3
46 10 7 3
120 10 8 3
120 10 9 3
120 10 10 3
113 10 11 3
120 11 0 3
46 11 1 3
46 11 2 3
46 11 3 3
46 11 4 3
120 11 5 3
120 11 6 3
46 11 7 3
120 11 8 3
113 11 9 3
120 11 10 3
120 11 11 3
120 12 0 3
46 12 1 3
46 12 2 3
120 12 3 3
46 12 4 3
46 12 5 3
122 12 6 3
46 12 7 3
120 12 8 3
120 12 9 3
120 12 10 3
120 12 11 3
113 13 0 3
46 13 1 3
46 13 2 3
46 13 3 3
46 13 4 3
46 13 5 3
120 13 6 3
46 13 7 3
120 13 8 3
120 13 9 3
120 13 10 3
120 13 11 3
120 14 0 3
46 14 1 3
46 14 2 3
46 14 3 3
46 14 4 3
46 14 5 3
46 14 6 3
46 14 7 3
120 14 8 3
120 14 9 3
120 14 10 3
120 14 11 3
120 15 0 3
120 15 1 3
120 15 2 3
120 15 3 3
120 15 4 3
1004 15 5 3
120 15 6 3
120 15 7 3
120 15 8 3
122 15 9 3
120 15 10 3
120 15 11 3
202 2 7 3
202 4 6 3
201 14 5 3
200 14 3 3
202 11 1 3
202 6 1 3
202 11 0 3
113 0 0 4
120 0 1 4
120 0 2 4
120 0 3 4
120 0 4 4
1003 0 5 4
120 0 6 4
120 0 7 4
120 0 8 4
122 0 9 4
120 0 10 4
120 0 11 4
113 1 0 4
122 1 1 4
122 1 2 4
120 1 3 4
122 1 4 4
46 1 5 4
46 1 6 4
46 1 7 4
46 1 8 4
46 1 9 4
46 1 10 4
120 1 11 4
122 2 0 4
120 2 1 4
122 2 2 4
120 2 3 4
120 2 4 4
120 2 5 4
120 2 6 4
120 2 7 4
120 2 8 4
120 2 9 4
46 2 10 4
120 2 11 4
120 3 0 4
120 3 1 4
120 3 2 4
120 3 3 4
120 3 4 4
120 3 5 4
120 3 6 4
120 3 7 4
120 3 8 4
113 3 9 4
46 3 10 4
120 3 11 4
122 4 0 4
120 4 1 4
122 4 2 4
120 4 3 4
113 4 4 4
120 4 5 4
122 4 6 4
122 4 7 4
120 4 8 4
120 4 9 4
46 4 10 4
120 4 11 4
120 5 0 4
122 5 1 4
120 5 2 4
120 5 3 4
120 5 4 4
120 5 5 4
46 5 6 4
46 5 7 4
46 5 8 4
46 5 9 4
46 5 10 4
120 5 11 4
120 6 0 4
120 6 1 4
120 6 2 4
120 6 3 4
120 6 4 4
120 6 5 4
46 6 6 4
46 6 7 4
46 6 8 4
46 6 9 4
46 6 10 4
120 6 11 4
120 7 0 4
120 7 1 4
122 7 2 4
120 7 3 4
122 7 4 4
120 7 5 4
46 7 6 4
46 7 7 4
46 7 8 4
46 7 9 4
46 7 10 4
113 7 11 4
113 8 0 4
120 8 1 4
120 8 2 4
120 8 3 4
120 8 4 4
120 8 5 4
46 8 6 4
46 8 7 4
120 8 8 4
120 8 9 4
120 8 10 4
120 8 11 4
120 9 0 4
46 9 1 4
46 9 2 4
46 9 3 4
46 9 4 4
122 9 5 4
46 9 6 4
46 9 7 4
113 9 8 4
120 9 9 4
120 9 10 4
120 9 11 4
122 10 0 4
46 10 1 4
120 10 2 4
120 10 3 4
46 10 4 4
120 10 5 4
122 10 6 4
46 10 7 4
120 10 8 4
113 10 9 4
120 10 10 4
120 10 11 4
120 11 0 4
46 11 1 4
120 11 2 4
46 11 3 4
46 11 4 4
46 11 5 4
46 11 6 4
46 11 7 4
120 11 8 4
120 11 9 4
120 11 10 4
120 11 11 4
120 12 0 4
46 12 1 4
120 12 2 4
46 12 3 4
46 12 4 4
46 12 5 4
113 12 6 4
120 12 7 4
120 12 8 4
113 12 9 4
122 12 10 4
120 12 11 4
120 13 0 4
46 13 1 4
120 13 2 4
46 13 3 4
120 13 4 4
46 13 5 4
120 13 6 4
120 13 7 4
120 13 8 4
120 13 9 4
120 13 10 4
120 13 11 4
120 14 0 4
46 14 1 4
46 14 2 4
46 14 3 4
120 14 4 4
46 14 5 4
113 14 6 4
120 14 7 4
120 14 8 4
120 14 9 4
122 14 10 4
122 14 11 4
120 15 0 4
120 15 1 4
113 15 2 4
120 15 3 4
120 15 4 4
1005 15 5 4
120 15 6 4
120 15 7 4
120 15 8 4
120 15 9 4
120 15 10 4
120 15 11 4
202 2 10 4
200 4 10 4
200 14 3 4
201 14 2 4
120 0 0 5
122 0 1 5
120 0 2 5
122 0 3 5
120 0 4 5
1004 0 5 5
120 0 6 5
122 0 7 5
120 0 8 5
120 0 9 5
120 0 10 5
120 0 11 5
120 1 0 5
46 1 1 5
46 1 2 5
46 1 3 5
46 1 4 5
46 1 5 5
46 1 6 5
46 1 7 5
46 1 8 5
46 1 9 5
46 1 10 5
113 1 11 5
120 2 0 5
46 2 1 5
46 2 2 5
46 2 3 5
120 2 4 5
113 2 5 5
120 2 6 5
46 2 7 5
46 2 8 5
122 2 9 5
46 2 10 5
120 2 11 5
120 3 0 5
46 3 1 5
46 3 2 5
46 3 3 5
46 3 4 5
46 3 5 5
120 3 6 5
46 3 7 5
46 3 8 5
120 3 9 5
46 3 10 5
120 3 11 5
120 4 0 5
46 4 1 5
46 4 2 5
46 4 3 5
46 4 4 5
46 4 5 5
46 4 6 5
46 4 7 5
46 4 8 5
46 4 9 5
46 4 10 5
122 4 11 5
113 5 0 5
46 5 1 5
46 5 2 5
46 5 3 5
46 5 4 5
46 5 5 5
46 5 6 5
46 5 7 5
46 5 8 5
120 5 9 5
122 5 10 5
122 5 11 5
120 6 0 5
46 6 1 5
46 6 2 5
46 6 3 5
46 6 4 5
46 6 5 5
46 6 6 5
46 6 7 5
46 6 8 5
46 6 9 5
46 6 10 5
120 6 11 5
120 7 0 5
46 7 1 5
46 7 2 5
46 7 3 5
46 7 4 5
46 7 5 5
46 7 6 5
46 7 7 5
46 7 8 5
46 7 9 5
46 7 10 5
122 7 11 5
120 8 0 5
46 8 1 5
46 8 2 5
46 8 3 5
46 8 4 5
120 8 5 5
46 8 6 5
46 8 7 5
46 8 8 5
46 8 9 5
120 8 10 5
120 8 11 5
120 9 0 5
46 9 1 5
46 9 2 5
46 9 3 5
46 9 4 5
46 9 5 5
46 9 6 5
46 9 7 5
46 9 8 5
46 9 9 5
120 9 10 5
120 9 11 5
120 10 0 5
46 10 1 5
46 10 2 5
46 10 3 5
120 10 4 5
120 10 5 5
46 10 6 5
46 10 7 5
46 10 8 5
120 10 9 5
120 10 10 5
120 10 11 5
120 11 0 5
46 11 1 5
46 11 2 5
46 11 3 5
46 11 4 5
46 11 5 5
46 11 6 5
46 11 7 5
46 11 8 5
46 11 9 5
46 11 10 5
120 11 11 5
122 12 0 5
46 12 1 5
46 12 2 5
46 12 3 5
46 12 4 5
46 12 5 5
46 12 6 5
46 12 7 5
46 12 8 5
46 12 9 5
120 12 10 5
113 12 11 5
122 13 0 5
46 13 1 5
46 13 2 5
46 13 3 5
46 13 4 5
46 13 5 5
46 13 6 5
46 13 7 5
46 13 8 5
46 13 9 5
122 13 10 5
120 13 11 5
113 14 0 5
46 14 1 5
113 14 2 5
120 14 3 5
120 14 4 5
46 14 5 5
46 14 6 5
46 14 7 5
46 14 8 5
46 14 9 5
122 14 10 5
120 14 11 5
113 15 0 5
120 15 1 5
120 15 2 5
120 15 3 5
120 15 4 5
1006 15 5 5
120 15 6 5
120 15 7 5
120 15 8 5
120 15 9 5
120 15 10 5
120 15 11 5
201 2 10 5
203 4 8 5
203 4 7 5
202 9 2 5
202 10 6 5
202 12 2 5
200 10 1 5
203 11 6 5
203 11 3 5
120 0 0 6
120 0 1 6
120 0 2 6
113 0 3 6
122 0 4 6
1005 0 5 6
122 0 6 6
122 0 7 6
113 0 8 6
120 0 9 6
120 0 10 6
120 0 11 6
120 1 0 6
122 1 1 6
120 1 2 6
120 1 3 6
120 1 4 6
46 1 5 6
46 1 6 6
46 1 7 6
46 1 8 6
46 1 9 6
120 1 10 6
120 1 11 6
120 2 0 6
122 2 1 6
122 2 2 6
120 2 3 6
122 2 4 6
122 2 5 6
122 2 6 6
122 2 7 6
113 2 8 6
46 2 9 6
120 2 10 6
120 2 11 6
120 3 0 6
120 3 1 6
120 3 2 6
120 3 3 6
120 3 4 6
120 3 5 6
120 3 6 6
122 3 7 6
120 3 8 6
46 3 9 6
120 3 10 6
122 3 11 6
120 4 0 6
120 4 1 6
122 4 2 6
120 4 3 6
120 4 4 6
122 4 5 6
120 4 6 6
120 4 7 6
120 4 8 6
46 4 9 6
122 4 10 6
120 4 11 6
120 5 0 6
120 5 1 6
120 5 2 6
120 5 3 6
122 5 4 6
120 5 5 6
113 5 6 6
120 5 7 6
122 5 8 6
46 5 9 6
122 5 10 6
120 5 11 6
120 6 0 6
113 6 1 6
122 6 2 6
113 6 3 6
122 6 4 6
122 6 5 6
120 6 6 6
122 6 7 6
120 6 8 6
46 6 9 6
120 6 10 6
120 6 11 6
120 7 0 6
122 7 1 6
120 7 2 6
120 7 3 6
120 7 4 6
120 7 5 6
122 7 6 6
120 7 7 6
122 7 8 6
46 7 9 6
122 7 10 6
120 7 11 6
113 8 0 6
120 8 1 6
120 8 2 6
113 8 3 6
122 8 4 6
120 8 5 6
120 8 6 6
120 8 7 6
46 8 8 6
46 8 9 6
46 8 10 6
120 8 11 6
122 9 0 6
120 9 1 6
113 9 2 6
120 9 3 6
120 9 4 6
122 9 5 6
122 9 6 6
122 9 7 6
46 9 8 6
120 9 9 6
120 9 10 6
120 9 11 6
120 10 0 6
120 10 1 6
120 10 2 6
120 10 3 6
113 10 4 6
113 10 5 6
122 10 6 6
122 10 7 6
46 10 8 6
113 10 9 6
120 10 10 6
120 10 11 6
120 11 0 6
120 11 1 6
120 11 2 6
122 11 3 6
120 11 4 6
120 11 5 6
120 11 6 6
120 11 7 6
46 11 8 6
120 11 9 6
120 11 10 6
122 11 11 6
122 12 0 6
120 12 1 6
122 12 2 6
120 12 3 6
122 12 4 6
120 12 5 6
120 12 6 6
122 12 7 6
46 12 8 6
120 12 9 6
122 12 10 6
113 12 11 6
120 13 0 6
122 13 1 6
120 13 2 6
120 13 3 6
120 13 4 6
120 13 5 6
120 13 6 6
120 13 7 6
46 13 8 6
46 13 9 6
46 13 10 6
120 13 11 6
120 14 0 6
122 14 1 6
120 14 2 6
113 14 3 6
120 14 4 6
46 14 5 6
46 14 6 6
46 14 7 6
46 14 8 6
46 14 9 6
120 14 10 6
120 14 11 6
113 15 0 6
120 15 1 6
122 15 2 6
120 15 3 6
120 15 4 6
1007 15 5 6
120 15 6 6
113 15 7 6
120 15 8 6
120 15 9 6
120 15 10 6
120 15 11 6
202 2 9 6
203 5 9 6
202 13 10 6
203 14 9 6
200 15 9 6
120 0 0 7
120 0 1 7
113 0 2 7
113 0 3 7
113 0 4 7
1006 0 5 7
120 0 6 7
113 0 7 7
122 0 8 7
113 0 9 7
120 0 10 7
120 0 11 7
120 1 0 7
120 1 1 7
120 1 2 7
113 1 3 7
120 1 4 7
46 1 5 7
46 1 6 7
46 1 7 7
46 1 8 7
46 1 9 7
46 1 10 7
120 1 11 7
122 2 0 7
120 2 1 7
120 2 2 7
120 2 3 7
120 2 4 7
120 2 5 7
120 2 6 7
120 2 7 7
113 2 8 7
46 2 9 7
46 2 10 7
122 2 11 7
120 3 0 7
120 3 1 7
120 3 2 7
120 3 3 7
120 3 4 7
120 3 5 7
120 3 6 7
46 3 7 7
46 3 8 7
46 3 9 7
46 3 10 7
122 3 11 7
120 4 0 7
120 4 1 7
120 4 2 7
120 4 3 7
46 4 4 7
46 4 5 7
46 4 6 7
46 4 7 7
122 4 8 7
46 4 9 7
46 4 10 7
120 4 11 7
113 5 0 7
120 5 1 7
120 5 2 7
120 5 3 7
46 5 4 7
120 5 5 7
46 5 6 7
46 5 7 7
46 5 8 7
46 5 9 7
46 5 10 7
120 5 11 7
120 6 0 7
120 6 1 7
120 6 2 7
113 6 3 7
46 6 4 7
113 6 5 7
46 6 6 7
120 6 7 7
120 6 8 7
113 6 9 7
46 6 10 7
122 6 11 7
120 7 0 7
113 7 1 7
122 7 2 7
120 7 3 7
46 7 4 7
120 7 5 7
46 7 6 7
120 7 7 7
120 7 8 7
120 7 9 7
46 7 10 7
120 7 11 7
122 8 0 7
120 8 1 7
120 8 2 7
120 8 3 7
46 8 4 7
46 8 5 7
46 8 6 7
46 8 7 7
46 8 8 7
46 8 9 7
46 8 10 7
120 8 11 7
120 9 0 7
120 9 1 7
120 9 2 7
120 9 3 7
120 9 4 7
120 9 5 7
46 9 6 7
120 9 7 7
120 9 8 7
120 9 9 7
120 9 10 7
113 9 11 7
120 10 0 7
113 10 1 7
120 10 2 7
120 10 3 7
122 10 4 7
120 10 5 7
46 10 6 7
120 10 7 7
120 10 8 7
120 10 9 7
113 10 10 7
120 10 11 7
120 11 0 7
46 11 1 7
46 11 2 7
46 11 3 7
46 11 4 7
46 11 5 7
46 11 6 7
120 11 7 7
120 11 8 7
120 11 9 7
120 11 10 7
120 11 11 7
120 12 0 7
46 12 1 7
120 12 2 7
122 12 3 7
120 12 4 7
120 12 5 7
120 12 6 7
122 12 7 7
120 12 8 7
120 12 9 7
120 12 10 7
120 12 11 7
120 13 0 7
46 13 1 7
46 13 2 7
46 13 3 7
46 13 4 7
46 13 5 7
120 13 6 7
120 13 7 7
120 13 8 7
120 13 9 7
120 13 10 7
113 13 11 7
120 14 0 7
46 14 1 7
120 14 2 7
120 14 3 7
113 14 4 7
46 14 5 7
122 14 6 7
120 14 7 7
113 14 8 7
120 14 9 7
122 14 10 7
120 14 11 7
120 15 0 7
120 15 1 7
120 15 2 7
120 15 3 7
120 15 4 7
1008 15 5 7
120 15 6 7
120 15 7 7
122 15 8 7
122 15 9 7
120 15 10 7
120 15 11 7
204 2 9 7
203 5 10 7
204 5 10 7
202 8 10 7
204 8 9 7
203 8 5 7
200 4 6 7
201 11 2 7
204 14 1 7
303 1 9 7
120 0 0 8
120 0 1 8
120 0 2 8
113 0 3 8
120 0 4 8
1007 0 5 8
120 0 6 8
120 0 7 8
120 0 8 8
113 0 9 8
120 0 10 8
113 0 11 8
120 1 0 8
120 1 1 8
120 1 2 8
113 1 3 8
122 1 4 8
46 1 5 8
46 1 6 8
46 1 7 8
46 1 8 8
46 1 9 8
46 1 10 8
120 1 11 8
122 2 0 8
120 2 1 8
120 2 2 8
120 2 3 8
120 2 4 8
120 2 5 8
113 2 6 8
46 2 7 8
46 2 8 8
46 2 9 8
46 2 10 8
122 2 11 8
120 3 0 8
122 3 1 8
120 3 2 8
120 3 3 8
120 3 4 8
120 3 5 8
120 3 6 8
46 3 7 8
46 3 8 8
46 3 9 8
46 3 10 8
120 3 11 8
120 4 0 8
46 4 1 8
46 4 2 8
46 4 3 8
46 4 4 8
46 4 5 8
46 4 6 8
46 4 7 8
46 4 8 8
46 4 9 8
46 4 10 8
122 4 11 8
120 5 0 8
46 5 1 8
46 5 2 8
46 5 3 8
46 5 4 8
46 5 5 8
46 5 6 8
46 5 7 8
46 5 8 8
46 5 9 8
46 5 10 8
120 5 11 8
120 6 0 8
46 6 1 8
46 6 2 8
46 6 3 8
46 6 4 8
46 6 5 8
46 6 6 8
46 6 7 8
46 6 8 8
46 6 9 8
46 6 10 8
120 6 11 8
120 7 0 8
46 7 1 8
46 7 2 8
46 7 3 8
46 7 4 8
46 7 5 8
46 7 6 8
46 7 7 8
46 7 8 8
46 7 9 8
46 7 10 8
120 7 11 8
122 8 0 8
46 8 1 8
46 8 2 8
46 8 3 8
46 8 4 8
46 8 5 8
46 8 6 8
46 8 7 8
46 8 8 8
46 8 9 8
46 8 10 8
113 8 11 8
120 9 0 8
46 9 1 8
46 9 2 8
46 9 3 8
46 9 4 8
46 9 5 8
46 9 6 8
46 9 7 8
46 9 8 8
46 9 9 8
46 9 10 8
122 9 11 8
120 10 0 8
46 10 1 8
46 10 2 8
46 10 3 8
46 10 4 8
46 10 5 8
46 10 6 8
46 10 7 8
46 10 8 8
46 10 9 8
46 10 10 8
122 10 11 8
120 11 0 8
46 11 1 8
46 11 2 8
46 11 3 8
46 11 4 8
46 11 5 8
46 11 6 8
46 11 7 8
46 11 8 8
46 11 9 8
46 11 10 8
120 11 11 8
120 12 0 8
46 12 1 8
46 12 2 8
46 12 3 8
46 12 4 8
46 12 5 8
46 12 6 8
46 12 7 8
46 12 8 8
46 12 9 8
46 12 10 8
113 12 11 8
113 13 0 8
46 13 1 8
46 13 2 8
46 13 3 8
46 13 4 8
46 13 5 8
46 13 6 8
46 13 7 8
46 13 8 8
46 13 9 8
46 13 10 8
122 13 11 8
120 14 0 8
46 14 1 8
46 14 2 8
46 14 3 8
46 14 4 8
46 14 5 8
46 14 6 8
46 14 7 8
46 14 8 8
46 14 9 8
46 14 10 8
120 14 11 8
120 15 0 8
120 15 1 8
120 15 2 8
120 15 3 8
60 15 4 8
60 15 5 8
60 15 6 8
60 15 7 8
60 15 8 8
120 15 9 8
120 15 10 8
113 15 11 8
200 2 10 8
203 10 10 8
203 13 10 8
203 12 8 8
200 11 8 8
201 10 8 8
201 10 1 8
201 5 5 8
202 13 9 8
201 14 3 8
201 8 2 8
203 4 1 8
202 6 4 8
201 14 10 8
203 8 2 8
202 9 6 8
300 2 9 8
#conditions
*?game_modifiers = 200 COND_POTION_ONLY
*>+SKIP_COND_POTION_ONLY
*@COND_POTION_ONLY
305 1 5 1
303 1 6 5
*@+SKIP_COND_POTION_ONLY
#conditions
*?game_modifiers = 0 COND_NORMAL
*>+SKIP_COND_NORMAL
*@COND_NORMAL
301 2 9 1
*@+SKIP_COND_NORMAL
*@metadata
*=name"Tunnels of Devil 1 / 4"
*=wall_color"0.07947597419331724 0.7079586589045884 0.5343897452116118"
*=mute_bosstalk"1"
#script 1
# ignore_init_properties
# // "Timed" spawner
# on time_one_time: 1 do start_secondary_timer: time = 0
# on time_one_time: ms(12000) do stop_secondary_timer
# on secondary_timer: ms(2000) do spawn: 7, 1, 40, 40, 20, 0, 0
# on secondary_timer: ms(2000) do start_secondary_timer: time = 0
#end_script
#script 2
# ignore_init_properties
#end_script
#script 3
# ignore_init_properties
#end_script
#script 4
# ignore_init_properties
#end_script
#script 5
# ignore_init_properties
#end_script
#script 6
# ignore_init_properties
# // "Timed" spawner
# on time_one_time: 1 do start_secondary_timer: time = 0
# on time_one_time: ms(24000) do stop_secondary_timer
# on secondary_timer: ms(2000) do spawn: 13, 10, 40, 40, 20, 0, 0
# on secondary_timer: ms(2000) do start_secondary_timer: time = 0
#end_script
#script 7
# ignore_init_properties
# // "Hydra" spawner
# on kill_count: 1 do spawn: 13, 3, 40, 40, 20, 0, 0
# on kill_count: 1 do spawn: 14, 1, 40, 40, 20, 0, 0
# on kill_count: 2 do spawn: 13, 3, 40, 40, 20, 0, 0
# on kill_count: 2 do spawn: 14, 1, 40, 40, 20, 0, 0
# on kill_count: 3 do spawn: 13, 3, 40, 40, 20, 0, 0
# on kill_count: 3 do spawn: 14, 1, 40, 40, 20, 0, 0
# on kill_count: 4 do spawn: 13, 3, 40, 40, 20, 0, 0
# on kill_count: 4 do spawn: 14, 1, 40, 40, 20, 0, 0
# on kill_count: 5 do spawn: 13, 3, 40, 40, 20, 0, 0
# on kill_count: 5 do spawn: 14, 1, 40, 40, 20, 0, 0
# on kill_count: 5 do modify_terrain: x = 12, y = 5, terrain_type = floor
# on kill_count: 6 do spawn: 13, 3, 40, 40, 20, 0, 0
# on kill_count: 6 do spawn: 14, 1, 40, 40, 20, 0, 0
# on kill_count: 7 do spawn: 13, 3, 40, 40, 20, 0, 0
# on kill_count: 7 do spawn: 14, 1, 40, 40, 20, 0, 0
# on kill_count: 8 do spawn: 13, 3, 40, 40, 20, 0, 0
# on kill_count: 8 do spawn: 14, 1, 40, 40, 20, 0, 0
# on kill_count: 9 do spawn: 13, 3, 40, 40, 20, 0, 0
# on kill_count: 9 do spawn: 14, 1, 40, 40, 20, 0, 0
# on kill_count: 10 do spawn: 13, 3, 40, 40, 20, 0, 0
# on kill_count: 10 do spawn: 14, 1, 40, 40, 20, 0, 0
# on kill_count: 11 do spawn: 13, 3, 40, 40, 20, 0, 0
# on kill_count: 11 do spawn: 14, 1, 40, 40, 20, 0, 0
# on kill_count: 12 do spawn: 13, 3, 40, 40, 20, 0, 0
# on kill_count: 12 do spawn: 14, 1, 40, 40, 20, 0, 0
# on kill_count: 13 do spawn: 13, 3, 40, 40, 20, 0, 0
# on kill_count: 13 do spawn: 14, 1, 40, 40, 20, 0, 0
#end_script
#script 8
# ignore_init_properties
#end_script
$1
event
event_trigger time_one_time 1
event_action start_secondary_timer 0
event
event_trigger time_one_time 100
event_action stop_secondary_timer 
event
event_trigger secondary_timer 16
event_action spawn 40 40 20 0 0 7 1
event
event_trigger secondary_timer 16
event_action start_secondary_timer 0
end
$2
end
$3
end
$4
end
$5
end
$6
event
event_trigger time_one_time 1
event_action start_secondary_timer 0
event
event_trigger time_one_time 200
event_action stop_secondary_timer 
event
event_trigger secondary_timer 16
event_action spawn 40 40 20 0 0 13 10
event
event_trigger secondary_timer 16
event_action start_secondary_timer 0
end
$7
event
event_trigger kill_count 1
event_action spawn 40 40 20 0 0 13 3
event
event_trigger kill_count 1
event_action spawn 40 40 20 0 0 14 1
event
event_trigger kill_count 2
event_action spawn 40 40 20 0 0 13 3
event
event_trigger kill_count 2
event_action spawn 40 40 20 0 0 14 1
event
event_trigger kill_count 3
event_action spawn 40 40 20 0 0 13 3
event
event_trigger kill_count 3
event_action spawn 40 40 20 0 0 14 1
event
event_trigger kill_count 4
event_action spawn 40 40 20 0 0 13 3
event
event_trigger kill_count 4
event_action spawn 40 40 20 0 0 14 1
event
event_trigger kill_count 5
event_action spawn 40 40 20 0 0 13 3
event
event_trigger kill_count 5
event_action spawn 40 40 20 0 0 14 1
event
event_trigger kill_count 5
event_action modify_terrain 12 5 0 0 0 0 0 floor
event
event_trigger kill_count 6
event_action spawn 40 40 20 0 0 13 3
event
event_trigger kill_count 6
event_action spawn 40 40 20 0 0 14 1
event
event_trigger kill_count 7
event_action spawn 40 40 20 0 0 13 3
event
event_trigger kill_count 7
event_action spawn 40 40 20 0 0 14 1
event
event_trigger kill_count 8
event_action spawn 40 40 20 0 0 13 3
event
event_trigger kill_count 8
event_action spawn 40 40 20 0 0 14 1
event
event_trigger kill_count 9
event_action spawn 40 40 20 0 0 13 3
event
event_trigger kill_count 9
event_action spawn 40 40 20 0 0 14 1
event
event_trigger kill_count 10
event_action spawn 40 40 20 0 0 13 3
event
event_trigger kill_count 10
event_action spawn 40 40 20 0 0 14 1
event
event_trigger kill_count 11
event_action spawn 40 40 20 0 0 13 3
event
event_trigger kill_count 11
event_action spawn 40 40 20 0 0 14 1
event
event_trigger kill_count 12
event_action spawn 40 40 20 0 0 13 3
event
event_trigger kill_count 12
event_action spawn 40 40 20 0 0 14 1
event
event_trigger kill_count 13
event_action spawn 40 40 20 0 0 13 3
event
event_trigger kill_count 13
event_action spawn 40 40 20 0 0 14 1
end
$8
end
