X(duedit_compatible)
*@tiles
122 0 0 1
122 1 0 1
122 2 0 1
122 3 0 1
120 4 0 1
120 5 0 1
120 6 0 1
120 7 0 1
120 8 0 1
120 9 0 1
120 10 0 1
120 11 0 1
120 12 0 1
120 13 0 1
122 14 0 1
122 15 0 1
122 0 1 1
46 1 1 1
46 2 1 1
46 3 1 1
46 4 1 1
46 5 1 1
46 6 1 1
46 7 1 1
46 8 1 1
46 9 1 1
46 10 1 1
46 11 1 1
46 12 1 1
46 13 1 1
46 14 1 1
122 15 1 1
120 0 2 1
46 1 2 1
120 2 2 1
46 3 2 1
46 4 2 1
122 5 2 1
122 6 2 1
46 7 2 1
122 8 2 1
122 9 2 1
46 10 2 1
46 11 2 1
46 12 2 1
122 13 2 1
46 14 2 1
120 15 2 1
122 0 3 1
46 1 3 1
120 2 3 1
46 3 3 1
46 4 3 1
302 4 3 1
46 5 3 1
122 6 3 1
46 7 3 1
122 8 3 1
46 9 3 1
46 10 3 1
46 11 3 1
122 12 3 1
122 13 3 1
46 14 3 1
122 15 3 1
122 0 4 1
122 1 4 1
122 2 4 1
46 3 4 1
46 4 4 1
46 5 4 1
120 6 4 1
46 7 4 1
510 7 4 1
120 8 4 1
46 9 4 1
46 10 4 1
46 11 4 1
302 11 4 1
46 12 4 1
122 13 4 1
122 14 4 1
122 15 4 1
122 0 5 1
113 1 5 1
120 2 5 1
46 3 5 1
500 3 5 1
113 4 5 1
46 5 5 1
500 5 5 1
120 6 5 1
46 7 5 1
1001 7 5 1
120 8 5 1
46 9 5 1
500 9 5 1
113 10 5 1
113 11 5 1
46 12 5 1
500 12 5 1
122 13 5 1
122 14 5 1
122 15 5 1
120 0 6 1
120 1 6 1
46 2 6 1
46 3 6 1
46 4 6 1
46 5 6 1
120 6 6 1
120 7 6 1
120 8 6 1
46 9 6 1
46 10 6 1
46 11 6 1
46 12 6 1
46 13 6 1
122 14 6 1
120 15 6 1
120 0 7 1
120 1 7 1
46 2 7 1
200 2 7 1
46 3 7 1
200 3 7 1
46 4 7 1
200 4 7 1
46 5 7 1
200 5 7 1
46 6 7 1
200 6 7 1
46 7 7 1
200 7 7 1
46 8 7 1
200 8 7 1
46 9 7 1
200 9 7 1
46 10 7 1
200 10 7 1
46 11 7 1
200 11 7 1
46 12 7 1
200 12 7 1
46 13 7 1
200 13 7 1
122 14 7 1
122 15 7 1
122 0 8 1
46 1 8 1
46 2 8 1
202 2 8 1
46 3 8 1
202 3 8 1
46 4 8 1
202 4 8 1
46 5 8 1
202 5 8 1
46 6 8 1
202 6 8 1
46 7 8 1
204 7 8 1
46 8 8 1
202 8 8 1
46 9 8 1
202 9 8 1
46 10 8 1
202 10 8 1
46 11 8 1
202 11 8 1
46 12 8 1
202 12 8 1
122 13 8 1
122 14 8 1
122 15 8 1
122 0 9 1
46 1 9 1
202 1 9 1
46 2 9 1
202 2 9 1
46 3 9 1
202 3 9 1
46 4 9 1
202 4 9 1
46 5 9 1
202 5 9 1
120 6 9 1
113 7 9 1
120 8 9 1
46 9 9 1
202 9 9 1
46 10 9 1
202 10 9 1
46 11 9 1
202 11 9 1
46 12 9 1
202 12 9 1
46 13 9 1
202 13 9 1
122 14 9 1
120 15 9 1
122 0 10 1
46 1 10 1
46 2 10 1
46 3 10 1
204 3 10 1
46 4 10 1
46 5 10 1
46 6 10 1
46 7 10 1
510 7 10 1
46 8 10 1
46 9 10 1
46 10 10 1
46 11 10 1
46 12 10 1
46 13 10 1
122 14 10 1
122 15 10 1
122 0 11 1
122 1 11 1
120 2 11 1
120 3 11 1
120 4 11 1
122 5 11 1
113 6 11 1
46 7 11 1
1003 7 11 1
113 8 11 1
122 9 11 1
120 10 11 1
120 11 11 1
120 12 11 1
120 13 11 1
122 14 11 1
120 15 11 1
122 0 0 2
122 1 0 2
122 2 0 2
122 3 0 2
122 4 0 2
122 5 0 2
122 6 0 2
122 7 0 2
122 8 0 2
122 9 0 2
122 10 0 2
122 11 0 2
122 12 0 2
122 13 0 2
122 14 0 2
122 15 0 2
122 0 1 2
122 1 1 2
122 2 1 2
122 3 1 2
122 4 1 2
122 5 1 2
122 6 1 2
122 7 1 2
122 8 1 2
122 9 1 2
122 10 1 2
122 11 1 2
122 12 1 2
122 13 1 2
122 14 1 2
122 15 1 2
122 0 2 2
122 1 2 2
122 2 2 2
122 3 2 2
122 4 2 2
122 5 2 2
1003 6 2 2
122 7 2 2
122 8 2 2
122 9 2 2
122 10 2 2
122 11 2 2
122 12 2 2
122 13 2 2
122 14 2 2
122 15 2 2
122 0 3 2
122 1 3 2
122 2 3 2
122 3 3 2
122 4 3 2
120 5 3 2
46 6 3 2
120 7 3 2
122 8 3 2
122 9 3 2
122 10 3 2
122 11 3 2
122 12 3 2
122 13 3 2
122 14 3 2
122 15 3 2
122 0 4 2
122 1 4 2
122 2 4 2
120 3 4 2
120 4 4 2
46 5 4 2
46 6 4 2
46 7 4 2
120 8 4 2
120 9 4 2
122 10 4 2
122 11 4 2
122 12 4 2
122 13 4 2
122 14 4 2
122 15 4 2
122 0 5 2
122 1 5 2
120 2 5 2
46 3 5 2
46 4 5 2
46 5 5 2
46 6 5 2
46 7 5 2
46 8 5 2
120 9 5 2
120 10 5 2
122 11 5 2
122 12 5 2
122 13 5 2
122 14 5 2
122 15 5 2
122 0 6 2
122 1 6 2
120 2 6 2
46 3 6 2
303 3 6 2
46 4 6 2
46 5 6 2
46 6 6 2
46 7 6 2
46 8 6 2
120 9 6 2
120 10 6 2
120 11 6 2
122 12 6 2
122 13 6 2
122 14 6 2
122 15 6 2
122 0 7 2
122 1 7 2
120 2 7 2
46 3 7 2
46 4 7 2
46 5 7 2
46 6 7 2
46 7 7 2
46 8 7 2
120 9 7 2
120 10 7 2
120 11 7 2
120 12 7 2
122 13 7 2
120 14 7 2
122 15 7 2
122 0 8 2
122 1 8 2
120 2 8 2
120 3 8 2
120 4 8 2
120 5 8 2
120 6 8 2
120 7 8 2
46 8 8 2
204 8 8 2
46 9 8 2
204 9 8 2
120 10 8 2
120 11 8 2
60 12 8 2
201 12 8 2
60 13 8 2
201 13 8 2
60 14 8 2
201 14 8 2
122 15 8 2
122 0 9 2
122 1 9 2
122 2 9 2
122 3 9 2
122 4 9 2
122 5 9 2
122 6 9 2
122 7 9 2
120 8 9 2
46 9 9 2
204 9 9 2
46 10 9 2
46 11 9 2
60 12 9 2
201 12 9 2
113 13 9 2
60 14 9 2
201 14 9 2
120 15 9 2
122 0 10 2
122 1 10 2
122 2 10 2
122 3 10 2
122 4 10 2
122 5 10 2
122 6 10 2
122 7 10 2
122 8 10 2
120 9 10 2
46 10 10 2
46 11 10 2
60 12 10 2
201 12 10 2
60 13 10 2
201 13 10 2
60 14 10 2
201 14 10 2
120 15 10 2
122 0 11 2
122 1 11 2
122 2 11 2
122 3 11 2
122 4 11 2
122 5 11 2
122 6 11 2
122 7 11 2
122 8 11 2
122 9 11 2
120 10 11 2
120 11 11 2
120 12 11 2
120 13 11 2
120 14 11 2
120 15 11 2
120 0 0 3
120 1 0 3
120 2 0 3
122 3 0 3
122 4 0 3
122 5 0 3
122 6 0 3
122 7 0 3
122 8 0 3
122 9 0 3
122 10 0 3
120 11 0 3
120 12 0 3
120 13 0 3
120 14 0 3
122 15 0 3
120 0 1 3
122 1 1 3
120 2 1 3
46 3 1 3
204 3 1 3
500 3 1 3
46 4 1 3
204 4 1 3
500 4 1 3
46 5 1 3
202 5 1 3
500 5 1 3
46 6 1 3
500 6 1 3
46 7 1 3
202 7 1 3
500 7 1 3
46 8 1 3
500 8 1 3
46 9 1 3
202 9 1 3
500 9 1 3
46 10 1 3
500 10 1 3
46 11 1 3
46 12 1 3
46 13 1 3
46 14 1 3
122 15 1 3
120 0 2 3
122 1 2 3
120 2 2 3
120 3 2 3
120 4 2 3
120 5 2 3
120 6 2 3
120 7 2 3
46 8 2 3
120 9 2 3
120 10 2 3
120 11 2 3
46 12 2 3
46 13 2 3
46 14 2 3
122 15 2 3
120 0 3 3
120 1 3 3
120 2 3 3
46 3 3 3
201 3 3 3
46 4 3 3
201 4 3 3
120 5 3 3
120 6 3 3
120 7 3 3
1002 8 3 3
120 9 3 3
46 10 3 3
120 11 3 3
120 12 3 3
46 13 3 3
200 13 3 3
46 14 3 3
200 14 3 3
120 15 3 3
120 0 4 3
120 1 4 3
120 2 4 3
46 3 4 3
201 3 4 3
46 4 4 3
201 4 4 3
120 5 4 3
46 6 4 3
1001 6 4 3
120 7 4 3
120 8 4 3
120 9 4 3
46 10 4 3
46 11 4 3
120 12 4 3
46 13 4 3
200 13 4 3
46 14 4 3
200 14 4 3
120 15 4 3
120 0 5 3
46 1 5 3
120 2 5 3
46 3 5 3
46 4 5 3
120 5 5 3
46 6 5 3
46 7 5 3
46 8 5 3
46 9 5 3
46 10 5 3
120 11 5 3
120 12 5 3
46 13 5 3
200 13 5 3
46 14 5 3
200 14 5 3
120 15 5 3
120 0 6 3
46 1 6 3
46 2 6 3
46 3 6 3
46 4 6 3
120 5 6 3
46 6 6 3
46 7 6 3
46 8 6 3
46 9 6 3
120 10 6 3
120 11 6 3
46 12 6 3
200 12 6 3
510 12 6 3
46 13 6 3
200 13 6 3
120 14 6 3
120 15 6 3
120 0 7 3
46 1 7 3
46 2 7 3
46 3 7 3
46 4 7 3
46 5 7 3
46 6 7 3
46 7 7 3
46 8 7 3
120 9 7 3
120 10 7 3
46 11 7 3
200 11 7 3
46 12 7 3
200 12 7 3
510 12 7 3
120 13 7 3
122 14 7 3
120 15 7 3
120 0 8 3
46 1 8 3
46 2 8 3
120 3 8 3
120 4 8 3
120 5 8 3
120 6 8 3
120 7 8 3
120 8 8 3
120 9 8 3
46 10 8 3
200 10 8 3
46 11 8 3
200 11 8 3
120 12 8 3
122 13 8 3
122 14 8 3
120 15 8 3
120 0 9 3
46 1 9 3
202 1 9 3
46 2 9 3
202 2 9 3
120 3 9 3
46 4 9 3
202 4 9 3
46 5 9 3
202 5 9 3
46 6 9 3
501 6 9 3
46 7 9 3
46 8 9 3
46 9 9 3
501 9 9 3
46 10 9 3
501 10 9 3
120 11 9 3
122 12 9 3
122 13 9 3
122 14 9 3
120 15 9 3
120 0 10 3
46 1 10 3
202 1 10 3
46 2 10 3
202 2 10 3
511 2 10 3
46 4 10 3
202 4 10 3
46 5 10 3
202 5 10 3
120 6 10 3
46 7 10 3
46 8 10 3
46 9 10 3
120 10 10 3
122 11 10 3
122 12 10 3
122 13 10 3
122 14 10 3
120 15 10 3
120 0 11 3
120 1 11 3
120 2 11 3
120 3 11 3
120 4 11 3
120 5 11 3
120 6 11 3
120 7 11 3
120 8 11 3
120 9 11 3
122 10 11 3
122 11 11 3
120 12 11 3
120 13 11 3
120 14 11 3
120 15 11 3
502 1 8 3
502 2 8 3
512 11 1 3
512 6 6 3
512 7 6 3
512 8 6 3
512 9 6 3
100 3 10 3
600 4 10 3
#conditions
*?game_modifiers = 200 COND_potion
*>+SKIP_COND_potion
*@COND_potion
305 7 1 1
306 1 3 1
306 14 3 1
303 4 6 1
303 10 6 1
304 6 1 1
*@+SKIP_COND_potion
*@metadata
*=name"The Lair of the Evil Man"
*=story1"You reach the portal at the deepest corner of the Lair of"
*=story2"the Evil Man and enter a hall. The hall of the evil white"
*=story3"priviledged cis-hetero male. This is it. You shall"
*=story4"annihilate the Arch Evil, the archetype of white male and"
*=story5"thus end the sinister reign of patriarchy. Go, do it now!"
*=story6"This may be your only change!"
*=mute_bosstalk"1"
#script 1
# ignore_init_properties
#end_script
#script 2
# ignore_init_properties
#end_script
#script 3
# ignore_init_properties
# on positional_trigger: 0 do modify_terrain: x = 11, y = 6, terrain_type = floor
# on positional_trigger: 0 do modify_terrain: x = 10, y = 6, terrain_type = floor
#end_script
$1
end
$2
end
$3
event
event_trigger positional_trigger 0
event_action modify_terrain 11 6 0 0 0 0 0 floor
event
event_trigger positional_trigger 0
event_action modify_terrain 10 6 0 0 0 0 0 floor
end
