X(duedit_compatible)
*@tiles
120 0 0 1
120 1 0 1
122 2 0 1
120 3 0 1
122 4 0 1
122 5 0 1
120 6 0 1
122 7 0 1
120 8 0 1
122 9 0 1
113 10 0 1
122 11 0 1
120 12 0 1
122 13 0 1
120 14 0 1
120 15 0 1
1002 0 1 1
46 1 1 1
204 1 1 1
46 2 1 1
204 2 1 1
46 3 1 1
204 3 1 1
46 4 1 1
204 4 1 1
46 5 1 1
204 5 1 1
46 6 1 1
204 6 1 1
46 7 1 1
204 7 1 1
46 8 1 1
204 8 1 1
46 9 1 1
46 10 1 1
46 11 1 1
46 12 1 1
46 13 1 1
46 14 1 1
120 15 1 1
113 0 2 1
120 1 2 1
120 2 2 1
120 3 2 1
113 4 2 1
120 5 2 1
120 6 2 1
120 7 2 1
120 8 2 1
120 9 2 1
120 11 2 1
120 12 2 1
120 13 2 1
120 15 2 1
120 0 3 1
1001 1 3 1
120 2 3 1
46 3 3 1
46 4 3 1
46 5 3 1
46 6 3 1
46 7 3 1
200 7 3 1
46 8 3 1
46 9 3 1
46 10 3 1
200 10 3 1
46 11 3 1
46 12 3 1
46 13 3 1
200 13 3 1
46 14 3 1
120 15 3 1
120 0 4 1
46 1 4 1
120 2 4 1
46 3 4 1
46 4 4 1
46 5 4 1
46 6 4 1
46 7 4 1
200 7 4 1
46 8 4 1
46 9 4 1
46 10 4 1
200 10 4 1
46 11 4 1
46 12 4 1
46 13 4 1
200 13 4 1
46 14 4 1
120 15 4 1
120 0 5 1
46 1 5 1
120 2 5 1
113 3 5 1
46 4 5 1
120 5 5 1
120 7 5 1
120 8 5 1
120 9 5 1
120 10 5 1
120 11 5 1
120 14 5 1
113 15 5 1
120 0 6 1
46 1 6 1
46 2 6 1
120 3 6 1
120 4 6 1
120 5 6 1
120 7 6 1
46 8 6 1
46 9 6 1
200 9 6 1
46 10 6 1
200 10 6 1
46 11 6 1
200 11 6 1
46 12 6 1
200 12 6 1
46 13 6 1
200 13 6 1
46 14 6 1
120 15 6 1
122 0 7 1
46 1 7 1
46 2 7 1
46 3 7 1
46 4 7 1
46 5 7 1
46 6 7 1
46 7 7 1
46 8 7 1
46 9 7 1
200 9 7 1
46 10 7 1
46 11 7 1
46 12 7 1
46 13 7 1
200 13 7 1
46 14 7 1
120 15 7 1
122 0 8 1
122 1 8 1
120 2 8 1
46 3 8 1
46 4 8 1
46 5 8 1
46 6 8 1
113 7 8 1
46 8 8 1
46 9 8 1
200 9 8 1
46 10 8 1
304 10 8 1
46 11 8 1
46 12 8 1
46 13 8 1
200 13 8 1
46 14 8 1
120 15 8 1
122 0 9 1
122 1 9 1
122 2 9 1
113 3 9 1
46 4 9 1
46 5 9 1
46 6 9 1
113 7 9 1
46 8 9 1
46 9 9 1
200 9 9 1
46 10 9 1
200 10 9 1
46 11 9 1
200 11 9 1
46 12 9 1
200 12 9 1
46 13 9 1
200 13 9 1
46 14 9 1
120 15 9 1
122 0 10 1
122 1 10 1
122 2 10 1
122 3 10 1
120 4 10 1
46 5 10 1
46 6 10 1
46 7 10 1
46 8 10 1
46 9 10 1
46 10 10 1
46 11 10 1
46 12 10 1
46 13 10 1
46 14 10 1
120 15 10 1
122 0 11 1
122 1 11 1
122 2 11 1
122 3 11 1
122 4 11 1
120 5 11 1
120 6 11 1
120 7 11 1
120 8 11 1
113 9 11 1
113 10 11 1
120 11 11 1
120 12 11 1
120 13 11 1
120 14 11 1
120 15 11 1
122 0 0 2
122 1 0 2
122 2 0 2
113 3 0 2
122 4 0 2
122 5 0 2
122 6 0 2
122 7 0 2
122 8 0 2
122 9 0 2
122 10 0 2
122 11 0 2
122 12 0 2
122 13 0 2
122 14 0 2
122 15 0 2
122 0 1 2
46 1 1 2
46 2 1 2
46 3 1 2
46 7 1 2
46 8 1 2
46 9 1 2
46 10 1 2
511 10 1 2
46 11 1 2
46 12 1 2
46 13 1 2
46 14 1 2
1001 15 1 2
120 0 2 2
46 1 2 2
204 1 2 2
46 2 2 2
204 2 2 2
46 3 2 2
204 3 2 2
46 5 2 2
501 5 2 2
46 6 2 2
501 6 2 2
46 7 2 2
501 7 2 2
46 8 2 2
501 8 2 2
120 9 2 2
120 10 2 2
120 11 2 2
120 12 2 2
120 13 2 2
120 14 2 2
120 15 2 2
120 0 3 2
46 1 3 2
46 2 3 2
46 3 3 2
46 5 3 2
120 6 3 2
46 7 3 2
46 8 3 2
46 9 3 2
501 9 3 2
46 10 3 2
120 11 3 2
120 12 3 2
120 13 3 2
120 14 3 2
120 15 3 2
120 0 4 2
46 1 4 2
202 1 4 2
46 2 4 2
202 2 4 2
46 3 4 2
202 3 4 2
46 5 4 2
200 5 4 2
46 6 4 2
200 6 4 2
46 7 4 2
200 7 4 2
46 8 4 2
120 9 4 2
46 10 4 2
46 11 4 2
46 12 4 2
120 13 4 2
120 14 4 2
120 15 4 2
120 0 5 2
46 1 5 2
201 1 5 2
46 2 5 2
201 2 5 2
46 3 5 2
201 3 5 2
120 4 5 2
120 5 5 2
120 6 5 2
120 7 5 2
120 8 5 2
120 9 5 2
46 10 5 2
46 11 5 2
46 12 5 2
46 13 5 2
46 14 5 2
120 15 5 2
120 0 6 2
46 1 6 2
201 1 6 2
46 2 6 2
201 2 6 2
46 3 6 2
201 3 6 2
120 4 6 2
120 5 6 2
113 6 6 2
120 7 6 2
122 8 6 2
122 9 6 2
46 10 6 2
46 11 6 2
46 12 6 2
46 13 6 2
46 14 6 2
120 15 6 2
120 0 7 2
46 1 7 2
201 1 7 2
46 2 7 2
201 2 7 2
46 3 7 2
201 3 7 2
120 4 7 2
113 5 7 2
113 6 7 2
113 7 7 2
122 8 7 2
120 9 7 2
120 10 7 2
120 11 7 2
46 12 7 2
46 13 7 2
46 14 7 2
120 15 7 2
120 0 8 2
46 1 8 2
201 1 8 2
46 2 8 2
201 2 8 2
511 2 8 2
46 3 8 2
201 3 8 2
120 4 8 2
120 5 8 2
113 6 8 2
120 7 8 2
120 8 8 2
120 9 8 2
120 10 8 2
120 11 8 2
120 12 8 2
120 13 8 2
120 14 8 2
120 15 8 2
120 0 9 2
120 1 9 2
46 2 9 2
201 2 9 2
510 2 9 2
120 3 9 2
120 4 9 2
120 5 9 2
120 6 9 2
120 7 9 2
120 8 9 2
120 9 9 2
120 10 9 2
120 11 9 2
120 12 9 2
120 13 9 2
120 14 9 2
120 15 9 2
120 0 10 2
120 1 10 2
46 2 10 2
201 2 10 2
120 3 10 2
120 4 10 2
120 5 10 2
120 6 10 2
120 7 10 2
120 8 10 2
120 9 10 2
120 10 10 2
120 11 10 2
120 12 10 2
120 13 10 2
120 14 10 2
120 15 10 2
120 0 11 2
120 1 11 2
1003 2 11 2
120 3 11 2
120 4 11 2
120 5 11 2
120 6 11 2
120 7 11 2
120 8 11 2
120 9 11 2
120 10 11 2
120 11 11 2
120 12 11 2
120 13 11 2
120 14 11 2
120 15 11 2
122 0 0 3
1002 1 0 3
120 2 0 3
120 3 0 3
120 4 0 3
120 5 0 3
120 6 0 3
122 7 0 3
122 8 0 3
122 9 0 3
122 10 0 3
122 11 0 3
122 12 0 3
122 13 0 3
122 14 0 3
122 15 0 3
122 0 1 3
46 1 1 3
46 2 1 3
510 2 1 3
46 3 1 3
46 4 1 3
46 5 1 3
120 6 1 3
122 7 1 3
122 8 1 3
122 9 1 3
120 10 1 3
120 11 1 3
120 12 1 3
120 13 1 3
120 14 1 3
120 15 1 3
120 0 2 3
46 1 2 3
46 2 2 3
120 3 2 3
113 4 2 3
46 5 2 3
120 6 2 3
122 7 2 3
122 8 2 3
122 9 2 3
120 10 2 3
46 11 2 3
46 12 2 3
201 12 2 3
501 12 2 3
46 13 2 3
501 13 2 3
46 14 2 3
120 15 2 3
120 0 3 3
46 1 3 3
46 2 3 3
510 2 3 3
46 3 3 3
46 4 3 3
511 4 3 3
46 5 3 3
511 5 3 3
120 6 3 3
120 7 3 3
122 8 3 3
113 9 3 3
120 10 3 3
46 11 3 3
46 12 3 3
201 12 3 3
501 12 3 3
122 13 3 3
46 14 3 3
501 14 3 3
120 15 3 3
122 0 4 3
122 1 4 3
120 2 4 3
120 3 4 3
46 4 4 3
200 4 4 3
500 4 4 3
46 5 4 3
200 5 4 3
500 5 4 3
46 6 4 3
200 6 4 3
500 6 4 3
46 7 4 3
200 7 4 3
500 7 4 3
46 8 4 3
200 8 4 3
500 8 4 3
46 9 4 3
46 11 4 3
46 12 4 3
201 12 4 3
501 12 4 3
122 13 4 3
46 14 4 3
201 14 4 3
501 14 4 3
120 15 4 3
122 0 5 3
1004 1 5 3
113 2 5 3
120 3 5 3
46 4 5 3
200 4 5 3
500 4 5 3
46 5 5 3
200 5 5 3
500 5 5 3
46 6 5 3
200 6 5 3
500 6 5 3
46 7 5 3
200 7 5 3
500 7 5 3
46 8 5 3
200 8 5 3
500 8 5 3
46 9 5 3
113 10 5 3
46 11 5 3
46 12 5 3
201 12 5 3
501 12 5 3
46 13 5 3
201 13 5 3
501 13 5 3
46 14 5 3
201 14 5 3
501 14 5 3
120 15 5 3
120 0 6 3
46 1 6 3
201 1 6 3
512 1 6 3
46 2 6 3
201 2 6 3
502 2 6 3
120 3 6 3
46 4 6 3
200 4 6 3
500 4 6 3
46 5 6 3
200 5 6 3
500 5 6 3
46 6 6 3
200 6 6 3
500 6 6 3
46 7 6 3
200 7 6 3
500 7 6 3
46 8 6 3
113 9 6 3
122 10 6 3
113 11 6 3
46 12 6 3
46 13 6 3
201 13 6 3
501 13 6 3
46 14 6 3
120 15 6 3
120 0 7 3
46 1 7 3
502 1 7 3
46 2 7 3
201 2 7 3
502 2 7 3
113 3 7 3
120 4 7 3
120 5 7 3
120 6 7 3
46 7 7 3
46 8 7 3
46 9 7 3
46 11 7 3
46 12 7 3
46 13 7 3
201 13 7 3
501 13 7 3
46 14 7 3
120 15 7 3
113 0 8 3
46 1 8 3
201 1 8 3
502 1 8 3
46 2 8 3
201 2 8 3
502 2 8 3
46 3 8 3
202 3 8 3
502 3 8 3
46 4 8 3
502 4 8 3
46 5 8 3
202 5 8 3
502 5 8 3
120 6 8 3
120 7 8 3
120 8 8 3
113 9 8 3
120 10 8 3
46 11 8 3
46 12 8 3
46 13 8 3
46 14 8 3
120 15 8 3
120 0 9 3
46 1 9 3
201 1 9 3
502 1 9 3
46 2 9 3
201 2 9 3
502 2 9 3
46 4 9 3
204 4 9 3
502 4 9 3
46 5 9 3
502 5 9 3
120 6 9 3
120 7 9 3
46 8 9 3
46 9 9 3
120 10 9 3
120 11 9 3
120 12 9 3
46 13 9 3
204 13 9 3
512 13 9 3
46 14 9 3
512 14 9 3
113 15 9 3
122 0 10 3
46 1 10 3
201 1 10 3
502 1 10 3
46 2 10 3
201 2 10 3
502 2 10 3
46 3 10 3
202 3 10 3
502 3 10 3
46 4 10 3
502 4 10 3
46 5 10 3
202 5 10 3
502 5 10 3
46 6 10 3
502 6 10 3
46 8 10 3
510 8 10 3
46 9 10 3
46 10 10 3
46 11 10 3
46 12 10 3
46 13 10 3
46 14 10 3
120 15 10 3
122 0 11 3
122 1 11 3
122 2 11 3
120 3 11 3
120 4 11 3
120 5 11 3
113 6 11 3
120 7 11 3
120 8 11 3
120 9 11 3
120 10 11 3
120 11 11 3
120 12 11 3
120 13 11 3
120 14 11 3
120 15 11 3
120 0 0 4
120 1 0 4
120 2 0 4
120 3 0 4
120 4 0 4
120 5 0 4
120 6 0 4
120 7 0 4
120 8 0 4
120 9 0 4
120 10 0 4
120 11 0 4
120 12 0 4
120 13 0 4
122 14 0 4
122 15 0 4
120 0 1 4
46 1 1 4
46 2 1 4
46 3 1 4
500 3 1 4
46 4 1 4
46 5 1 4
46 6 1 4
46 7 1 4
120 8 1 4
120 9 1 4
46 10 1 4
201 10 1 4
500 10 1 4
46 11 1 4
201 11 1 4
500 11 1 4
46 12 1 4
201 12 1 4
500 12 1 4
120 13 1 4
122 14 1 4
122 15 1 4
120 0 2 4
46 1 2 4
201 1 2 4
500 1 2 4
46 2 2 4
201 2 2 4
500 2 2 4
46 3 2 4
500 3 2 4
46 4 2 4
46 5 2 4
46 6 2 4
46 7 2 4
46 9 2 4
204 9 2 4
500 9 2 4
46 10 2 4
201 10 2 4
500 10 2 4
46 11 2 4
201 11 2 4
46 12 2 4
201 12 2 4
500 12 2 4
120 13 2 4
122 14 2 4
120 15 2 4
120 0 3 4
46 1 3 4
46 2 3 4
46 3 3 4
500 3 3 4
46 4 3 4
46 5 3 4
46 6 3 4
46 7 3 4
120 8 3 4
120 9 3 4
120 10 3 4
120 11 3 4
46 12 3 4
204 12 3 4
500 12 3 4
120 13 3 4
120 14 3 4
120 15 3 4
120 0 4 4
46 1 4 4
500 1 4 4
46 2 4 4
500 2 4 4
46 3 4 4
46 4 4 4
46 5 4 4
46 6 4 4
46 7 4 4
510 7 4 4
120 8 4 4
122 9 4 4
122 10 4 4
120 11 4 4
46 12 4 4
120 13 4 4
46 14 4 4
201 14 4 4
120 15 4 4
122 0 5 4
120 1 5 4
120 2 5 4
122 4 5 4
120 5 5 4
120 6 5 4
1003 7 5 4
120 8 5 4
120 9 5 4
120 10 5 4
120 11 5 4
46 12 5 4
120 13 5 4
46 14 5 4
201 14 5 4
120 15 5 4
120 0 6 4
120 1 6 4
120 2 6 4
46 3 6 4
204 3 6 4
500 3 6 4
122 4 6 4
122 5 6 4
122 6 6 4
113 7 6 4
120 8 6 4
46 9 6 4
201 9 6 4
46 10 6 4
201 10 6 4
120 11 6 4
46 12 6 4
120 13 6 4
46 14 6 4
201 14 6 4
120 15 6 4
120 0 7 4
46 1 7 4
500 1 7 4
46 2 7 4
500 2 7 4
46 3 7 4
500 3 7 4
46 4 7 4
500 4 7 4
46 5 7 4
122 6 7 4
120 7 7 4
120 8 7 4
46 9 7 4
201 9 7 4
46 10 7 4
201 10 7 4
46 11 7 4
500 11 7 4
46 12 7 4
46 13 7 4
46 14 7 4
500 14 7 4
120 15 7 4
120 0 8 4
46 1 8 4
201 1 8 4
46 2 8 4
201 2 8 4
46 3 8 4
201 3 8 4
46 4 8 4
500 4 8 4
46 5 8 4
46 6 8 4
46 7 8 4
46 8 8 4
46 9 8 4
500 9 8 4
46 10 8 4
500 10 8 4
46 11 8 4
46 12 8 4
204 12 8 4
46 13 8 4
46 14 8 4
204 14 8 4
120 15 8 4
120 0 9 4
46 1 9 4
500 1 9 4
46 2 9 4
500 2 9 4
46 3 9 4
201 3 9 4
46 4 9 4
500 4 9 4
46 5 9 4
46 6 9 4
46 7 9 4
46 8 9 4
46 9 9 4
46 10 9 4
46 11 9 4
46 12 9 4
60 13 9 4
60 14 9 4
120 15 9 4
120 0 10 4
46 1 10 4
46 2 10 4
500 2 10 4
46 3 10 4
201 3 10 4
46 4 10 4
500 4 10 4
46 5 10 4
46 6 10 4
46 7 10 4
46 8 10 4
46 9 10 4
46 10 10 4
46 11 10 4
46 12 10 4
204 12 10 4
60 13 10 4
60 14 10 4
120 15 10 4
120 0 11 4
120 1 11 4
120 2 11 4
120 3 11 4
120 4 11 4
120 5 11 4
120 6 11 4
120 7 11 4
120 8 11 4
120 9 11 4
120 10 11 4
120 11 11 4
120 12 11 4
120 13 11 4
120 14 11 4
120 15 11 4
502 3 9 3
500 11 2 4
113 6 5 1
113 12 5 1
113 13 5 1
113 10 2 1
113 14 2 1
113 6 6 1
600 6 4 1
600 13 4 1
100 4 4 2
100 4 3 2
100 4 2 2
510 5 4 2
510 5 3 2
510 5 2 2
46 5 1 2
46 4 1 2
46 6 1 2
510 4 1 2
120 10 7 3
120 10 4 3
500 1 5 2
500 2 5 2
500 3 5 2
46 7 10 3
512 8 9 3
512 9 9 3
120 8 2 4
120 3 5 4
500 1 1 2
500 2 1 2
500 3 1 2
#conditions
*?game_modifiers = 8 COND_+PWUP
*>+SKIP_COND_+PWUP
*@COND_+PWUP
303 12 6 2
300 13 6 2
301 11 2 4
300 8 9 3
*@+SKIP_COND_+PWUP
#conditions
*?game_modifiers ! 8 COND_-PWUP
*>+SKIP_COND_-PWUP
*@COND_-PWUP
200 5 3 2
200 7 3 2
*@+SKIP_COND_-PWUP
*@metadata
*=name"Slaughter House"
*=story1"You start to have a feeling that you're nearing the end,"
*=story2"the Evil Man himself. Who is the Evil Man? You don't know"
*=story3"yet. Does anyone know? Probably he doesn't know either. He"
*=story4"is so oblivious. Maybe he doesn't even realize that he's"
*=story5"so evil. Maybe talking sense to him would make him good"
*=story6"again? You know that could be a possibility but you can't"
*=story7"take the risk. You must end him, for once and for all."
*=par16"158.55"
*=par0"110.55"
*=par1"93.55"
*=par6"88.075"
*=par8"160.7"
*=mute_bosstalk"1"
#script 1
# ignore_init_properties
# on kill_count: 8 do modify_terrain: x = 6, y = 5, terrain_type = floor
# on kill_count: 10 do modify_terrain: x = 6, y = 6, terrain_type = floor
# on kill_count: 10 do modify_terrain: x = 13, y = 5, terrain_type = floor
# on positional_trigger: 0 do modify_terrain: x = 10, y = 2, terrain_type = floor
# on positional_trigger: 0 do modify_terrain: x = 14, y = 2, terrain_type = floor
#end_script
#script 2
# ignore_init_properties
# on positional_trigger: 0 do modify_terrain: x = 4, y = 1, terrain_type = floor
#end_script
#script 3
# ignore_init_properties
# on kill_count: 14 do modify_terrain: x = 10, y = 4, terrain_type = floor
# on kill_count: 14 do modify_terrain: x = 10, y = 7, terrain_type = floor
# on kill_count: 24 do modify_terrain: x = 8, y = 8, terrain_type = floor
# on kill_count: 24 do modify_terrain: x = 9, y = 8, terrain_type = floor
#end_script
#script 4
# ignore_init_properties
# on kill_count: 2 do modify_terrain: x = 3, y = 5, terrain_type = floor
# on kill_count: 2 do modify_terrain: x = 8, y = 2, terrain_type = floor
#end_script
$1
event
event_trigger kill_count 8
event_action modify_terrain 6 5 0 0 0 0 0 floor
event
event_trigger kill_count 10
event_action modify_terrain 6 6 0 0 0 0 0 floor
event
event_trigger kill_count 10
event_action modify_terrain 13 5 0 0 0 0 0 floor
event
event_trigger positional_trigger 0
event_action modify_terrain 10 2 0 0 0 0 0 floor
event
event_trigger positional_trigger 0
event_action modify_terrain 14 2 0 0 0 0 0 floor
end
$2
event
event_trigger positional_trigger 0
event_action modify_terrain 4 1 0 0 0 0 0 floor
end
$3
event
event_trigger kill_count 14
event_action modify_terrain 10 4 0 0 0 0 0 floor
event
event_trigger kill_count 14
event_action modify_terrain 10 7 0 0 0 0 0 floor
event
event_trigger kill_count 24
event_action modify_terrain 8 8 0 0 0 0 0 floor
event
event_trigger kill_count 24
event_action modify_terrain 9 8 0 0 0 0 0 floor
end
$4
event
event_trigger kill_count 2
event_action modify_terrain 3 5 0 0 0 0 0 floor
event
event_trigger kill_count 2
event_action modify_terrain 8 2 0 0 0 0 0 floor
end
