0000
0016 0012
0606
0120 0000 0000 0001
0120 0001 0000 0001
0120 0002 0000 0001
0120 0003 0000 0001
0120 0004 0000 0001
0120 0005 0000 0001
0120 0006 0000 0001
0120 0007 0000 0001
0120 0008 0000 0001
0120 0009 0000 0001
0120 0010 0000 0001
0120 0011 0000 0001
0122 0012 0000 0001
0122 0013 0000 0001
0122 0014 0000 0001
0122 0015 0000 0001
0120 0000 0001 0001
0046 0001 0001 0001
0046 0002 0001 0001
0046 0003 0001 0001
0046 0004 0001 0001
0046 0005 0001 0001
0046 0006 0001 0001
0046 0007 0001 0001
0046 0008 0001 0001
0046 0009 0001 0001
0059 0010 0001 0001
0120 0011 0001 0001
0122 0012 0001 0001
0122 0013 0001 0001
0113 0014 0001 0001
0122 0015 0001 0001
0120 0000 0002 0001
0046 0001 0002 0001
0200 0001 0002 0001
0046 0002 0002 0001
0046 0003 0002 0001
0120 0004 0002 0001
0046 0005 0002 0001
0046 0006 0002 0001
0201 0006 0002 0001
0120 0007 0002 0001
0120 0008 0002 0001
0120 0009 0002 0001
1003 0010 0002 0001
0120 0011 0002 0001
0122 0012 0002 0001
0122 0013 0002 0001
0122 0014 0002 0001
0122 0015 0002 0001
0120 0000 0003 0001
0046 0001 0003 0001
0200 0001 0003 0001
0046 0002 0003 0001
0046 0003 0003 0001
0200 0003 0003 0001
0120 0004 0003 0001
0120 0005 0003 0001
0120 0006 0003 0001
0120 0007 0003 0001
0046 0008 0003 0001
0120 0009 0003 0001
0120 0010 0003 0001
0120 0011 0003 0001
0120 0012 0003 0001
0120 0013 0003 0001
0113 0014 0003 0001
0120 0015 0003 0001
0120 0000 0004 0001
0046 0001 0004 0001
0046 0002 0004 0001
0046 0003 0004 0001
0200 0003 0004 0001
0120 0004 0004 0001
0046 0005 0004 0001
0046 0006 0004 0001
0046 0007 0004 0001
0046 0008 0004 0001
0046 0009 0004 0001
0046 0010 0004 0001
0046 0011 0004 0001
0120 0012 0004 0001
0120 0013 0004 0001
1002 0014 0004 0001
0120 0015 0004 0001
0120 0000 0005 0001
0120 0001 0005 0001
0046 0002 0005 0001
0046 0003 0005 0001
0120 0004 0005 0001
0046 0005 0005 0001
0046 0006 0005 0001
0059 0007 0005 0001
0059 0008 0005 0001
0059 0009 0005 0001
0046 0010 0005 0001
0046 0011 0005 0001
0120 0012 0005 0001
0120 0013 0005 0001
0046 0014 0005 0001
0200 0014 0005 0001
0120 0015 0005 0001
0120 0000 0006 0001
0046 0001 0006 0001
0046 0002 0006 0001
0046 0003 0006 0001
0200 0003 0006 0001
0120 0004 0006 0001
0046 0005 0006 0001
0046 0006 0006 0001
0059 0007 0006 0001
1001 0008 0006 0001
0059 0009 0006 0001
0046 0010 0006 0001
0046 0011 0006 0001
0120 0012 0006 0001
0120 0013 0006 0001
0046 0014 0006 0001
0200 0014 0006 0001
0120 0015 0006 0001
0120 0000 0007 0001
0046 0001 0007 0001
0200 0001 0007 0001
0046 0002 0007 0001
0046 0003 0007 0001
0120 0004 0007 0001
0046 0005 0007 0001
0046 0006 0007 0001
0059 0007 0007 0001
0059 0008 0007 0001
0059 0009 0007 0001
0046 0010 0007 0001
0046 0011 0007 0001
0120 0012 0007 0001
0120 0013 0007 0001
0046 0014 0007 0001
0200 0014 0007 0001
0120 0015 0007 0001
0120 0000 0008 0001
0046 0001 0008 0001
0046 0002 0008 0001
0120 0003 0008 0001
0120 0004 0008 0001
0046 0005 0008 0001
0046 0006 0008 0001
0046 0007 0008 0001
0046 0008 0008 0001
0046 0009 0008 0001
0046 0010 0008 0001
0046 0011 0008 0001
0120 0012 0008 0001
0120 0013 0008 0001
0046 0014 0008 0001
0200 0014 0008 0001
0120 0015 0008 0001
0120 0000 0009 0001
0046 0001 0009 0001
0046 0002 0009 0001
0200 0002 0009 0001
0046 0003 0009 0001
0120 0004 0009 0001
0046 0005 0009 0001
0046 0006 0009 0001
0046 0007 0009 0001
0046 0008 0009 0001
0046 0009 0009 0001
0046 0010 0009 0001
0046 0011 0009 0001
0120 0012 0009 0001
0120 0013 0009 0001
0046 0014 0009 0001
0200 0014 0009 0001
0120 0015 0009 0001
0120 0000 0010 0001
0046 0001 0010 0001
0200 0001 0010 0001
0046 0002 0010 0001
0044 0003 0010 0001
0044 0004 0010 0001
0046 0005 0010 0001
0046 0006 0010 0001
0046 0007 0010 0001
0046 0008 0010 0001
0046 0009 0010 0001
0046 0010 0010 0001
0046 0011 0010 0001
0044 0012 0010 0001
0044 0013 0010 0001
0059 0014 0010 0001
0120 0015 0010 0001
0120 0000 0011 0001
0120 0001 0011 0001
0120 0002 0011 0001
0120 0003 0011 0001
0120 0004 0011 0001
0120 0005 0011 0001
0120 0006 0011 0001
0120 0007 0011 0001
0120 0008 0011 0001
0120 0009 0011 0001
0120 0010 0011 0001
0120 0011 0011 0001
0120 0012 0011 0001
0120 0013 0011 0001
0120 0014 0011 0001
0120 0015 0011 0001
0120 0000 0000 0002
0120 0001 0000 0002
0120 0002 0000 0002
0120 0003 0000 0002
0120 0004 0000 0002
0120 0005 0000 0002
0120 0006 0000 0002
0120 0007 0000 0002
0120 0008 0000 0002
0120 0009 0000 0002
0120 0010 0000 0002
0122 0011 0000 0002
0122 0012 0000 0002
0122 0013 0000 0002
0122 0014 0000 0002
0122 0015 0000 0002
0120 0000 0001 0002
0046 0001 0001 0002
0500 0001 0001 0002
0046 0002 0001 0002
0202 0002 0001 0002
0046 0003 0001 0002
0500 0003 0001 0002
0046 0004 0001 0002
0046 0005 0001 0002
0046 0006 0001 0002
0046 0007 0001 0002
0046 0008 0001 0002
0046 0009 0001 0002
0120 0010 0001 0002
0122 0011 0001 0002
0122 0012 0001 0002
0113 0013 0001 0002
0122 0014 0001 0002
0122 0015 0001 0002
0120 0000 0002 0002
0046 0001 0002 0002
0500 0001 0002 0002
0120 0002 0002 0002
0120 0003 0002 0002
0120 0004 0002 0002
0120 0005 0002 0002
0120 0006 0002 0002
0120 0007 0002 0002
0046 0008 0002 0002
0510 0008 0002 0002
0120 0009 0002 0002
0120 0010 0002 0002
0120 0011 0002 0002
0120 0012 0002 0002
0120 0013 0002 0002
0120 0014 0002 0002
0120 0015 0002 0002
0120 0000 0003 0002
0046 0001 0003 0002
0510 0001 0003 0002
0120 0002 0003 0002
0120 0003 0003 0002
0120 0004 0003 0002
0046 0005 0003 0002
0046 0006 0003 0002
0120 0007 0003 0002
0046 0008 0003 0002
0046 0009 0003 0002
0046 0010 0003 0002
0046 0011 0003 0002
0046 0012 0003 0002
0046 0013 0003 0002
0046 0014 0003 0002
0120 0015 0003 0002
0120 0000 0004 0002
1003 0001 0004 0002
0120 0002 0004 0002
0120 0003 0004 0002
0046 0004 0004 0002
0046 0005 0004 0002
0046 0006 0004 0002
0120 0007 0004 0002
0046 0008 0004 0002
0046 0009 0004 0002
0046 0010 0004 0002
0046 0011 0004 0002
0113 0012 0004 0002
0046 0013 0004 0002
0046 0014 0004 0002
0120 0015 0004 0002
0120 0000 0005 0002
0113 0001 0005 0002
0120 0002 0005 0002
0046 0003 0005 0002
0046 0004 0005 0002
0120 0005 0005 0002
0046 0006 0005 0002
0120 0007 0005 0002
0046 0008 0005 0002
0201 0008 0005 0002
0046 0009 0005 0002
0046 0010 0005 0002
0046 0011 0005 0002
0046 0012 0005 0002
0046 0013 0005 0002
0046 0014 0005 0002
0120 0015 0005 0002
0120 0000 0006 0002
0113 0001 0006 0002
0046 0002 0006 0002
0046 0003 0006 0002
0046 0004 0006 0002
0120 0005 0006 0002
0046 0006 0006 0002
0120 0007 0006 0002
0046 0008 0006 0002
0046 0009 0006 0002
0046 0010 0006 0002
0120 0011 0006 0002
0120 0012 0006 0002
0120 0013 0006 0002
0046 0014 0006 0002
0120 0015 0006 0002
0120 0000 0007 0002
0120 0001 0007 0002
1001 0002 0007 0002
0120 0003 0007 0002
0120 0004 0007 0002
0120 0005 0007 0002
0046 0006 0007 0002
0120 0007 0007 0002
0046 0008 0007 0002
0046 0009 0007 0002
0201 0009 0007 0002
0046 0010 0007 0002
0046 0011 0007 0002
0046 0012 0007 0002
0046 0013 0007 0002
0046 0014 0007 0002
0120 0015 0007 0002
0120 0000 0008 0002
0120 0001 0008 0002
0120 0002 0008 0002
0120 0003 0008 0002
0120 0004 0008 0002
0120 0005 0008 0002
0046 0006 0008 0002
0120 0007 0008 0002
0046 0008 0008 0002
0046 0009 0008 0002
0046 0010 0008 0002
0046 0011 0008 0002
0046 0012 0008 0002
0046 0013 0008 0002
0046 0014 0008 0002
0120 0015 0008 0002
0120 0000 0009 0002
0120 0001 0009 0002
0120 0002 0009 0002
0120 0003 0009 0002
0120 0004 0009 0002
0120 0005 0009 0002
0046 0006 0009 0002
0120 0007 0009 0002
0120 0008 0009 0002
0120 0009 0009 0002
0120 0010 0009 0002
0120 0011 0009 0002
0120 0012 0009 0002
0120 0013 0009 0002
0046 0014 0009 0002
0120 0015 0009 0002
0120 0000 0010 0002
0120 0001 0010 0002
0122 0002 0010 0002
0122 0003 0010 0002
0122 0004 0010 0002
0120 0005 0010 0002
0046 0006 0010 0002
0046 0007 0010 0002
0046 0008 0010 0002
0046 0009 0010 0002
0202 0009 0010 0002
0046 0010 0010 0002
0046 0011 0010 0002
0046 0012 0010 0002
0202 0012 0010 0002
0046 0013 0010 0002
0046 0014 0010 0002
0120 0015 0010 0002
0122 0000 0011 0002
0122 0001 0011 0002
0122 0002 0011 0002
0122 0003 0011 0002
0120 0004 0011 0002
0120 0005 0011 0002
0120 0006 0011 0002
0120 0007 0011 0002
0120 0008 0011 0002
0120 0009 0011 0002
0120 0010 0011 0002
0120 0011 0011 0002
0120 0012 0011 0002
0120 0013 0011 0002
0120 0014 0011 0002
0120 0015 0011 0002
0120 0000 0000 0003
0120 0001 0000 0003
1002 0002 0000 0003
0120 0003 0000 0003
0120 0004 0000 0003
0120 0005 0000 0003
0120 0006 0000 0003
0120 0007 0000 0003
0120 0008 0000 0003
0120 0009 0000 0003
0120 0010 0000 0003
0120 0011 0000 0003
0122 0012 0000 0003
0122 0013 0000 0003
0122 0014 0000 0003
0122 0015 0000 0003
0120 0000 0001 0003
0046 0001 0001 0003
0046 0002 0001 0003
0046 0003 0001 0003
0046 0004 0001 0003
0046 0005 0001 0003
0046 0006 0001 0003
0046 0007 0001 0003
0046 0008 0001 0003
0046 0009 0001 0003
0046 0010 0001 0003
0046 0011 0001 0003
0046 0012 0001 0003
0046 0013 0001 0003
0046 0014 0001 0003
0122 0015 0001 0003
0120 0000 0002 0003
0046 0001 0002 0003
0046 0002 0002 0003
0046 0003 0002 0003
0046 0004 0002 0003
0120 0005 0002 0003
0046 0006 0002 0003
0046 0007 0002 0003
0046 0008 0002 0003
0046 0009 0002 0003
0046 0010 0002 0003
0046 0011 0002 0003
0046 0012 0002 0003
0046 0013 0002 0003
0046 0014 0002 0003
0120 0015 0002 0003
0120 0000 0003 0003
0046 0001 0003 0003
0046 0002 0003 0003
0046 0003 0003 0003
0046 0004 0003 0003
0120 0005 0003 0003
0046 0006 0003 0003
0046 0007 0003 0003
0046 0008 0003 0003
0046 0009 0003 0003
0046 0010 0003 0003
0046 0011 0003 0003
0046 0012 0003 0003
0046 0013 0003 0003
0046 0014 0003 0003
0120 0015 0003 0003
0120 0000 0004 0003
0046 0001 0004 0003
0046 0002 0004 0003
0046 0003 0004 0003
0046 0004 0004 0003
0120 0005 0004 0003
0046 0006 0004 0003
0046 0007 0004 0003
0046 0008 0004 0003
0046 0009 0004 0003
0203 0009 0004 0003
0046 0010 0004 0003
0046 0011 0004 0003
0046 0012 0004 0003
0046 0013 0004 0003
0203 0013 0004 0003
0046 0014 0004 0003
0120 0015 0004 0003
0120 0000 0005 0003
0120 0001 0005 0003
0120 0002 0005 0003
0120 0003 0005 0003
0120 0004 0005 0003
0120 0005 0005 0003
0046 0006 0005 0003
0046 0007 0005 0003
0046 0008 0005 0003
0046 0009 0005 0003
0046 0010 0005 0003
0046 0011 0005 0003
0046 0012 0005 0003
0046 0013 0005 0003
0046 0014 0005 0003
0120 0015 0005 0003
0122 0000 0006 0003
0122 0001 0006 0003
0120 0002 0006 0003
0046 0003 0006 0003
0046 0004 0006 0003
0046 0005 0006 0003
0046 0006 0006 0003
0046 0007 0006 0003
0046 0008 0006 0003
0046 0009 0006 0003
0046 0010 0006 0003
0046 0011 0006 0003
0201 0011 0006 0003
0046 0012 0006 0003
0046 0013 0006 0003
0046 0014 0006 0003
0120 0015 0006 0003
0122 0000 0007 0003
0120 0001 0007 0003
0120 0002 0007 0003
0046 0003 0007 0003
0046 0004 0007 0003
0046 0005 0007 0003
0113 0006 0007 0003
0046 0007 0007 0003
0046 0008 0007 0003
0046 0009 0007 0003
0046 0010 0007 0003
0046 0011 0007 0003
0046 0012 0007 0003
0046 0013 0007 0003
0046 0014 0007 0003
0120 0015 0007 0003
0120 0000 0008 0003
1001 0001 0008 0003
0120 0002 0008 0003
0046 0003 0008 0003
0046 0004 0008 0003
0046 0005 0008 0003
0122 0006 0008 0003
0046 0007 0008 0003
0046 0008 0008 0003
0203 0008 0008 0003
0046 0009 0008 0003
0046 0010 0008 0003
0046 0011 0008 0003
0201 0011 0008 0003
0046 0012 0008 0003
0046 0013 0008 0003
0046 0014 0008 0003
0120 0015 0008 0003
0120 0000 0009 0003
0046 0001 0009 0003
0046 0002 0009 0003
0046 0003 0009 0003
0046 0004 0009 0003
0046 0005 0009 0003
0113 0006 0009 0003
0046 0007 0009 0003
0046 0008 0009 0003
0046 0009 0009 0003
0046 0010 0009 0003
0046 0011 0009 0003
0046 0012 0009 0003
0060 0013 0009 0003
0046 0014 0009 0003
0120 0015 0009 0003
0120 0000 0010 0003
0046 0001 0010 0003
0046 0002 0010 0003
0046 0003 0010 0003
0046 0004 0010 0003
0046 0005 0010 0003
0046 0006 0010 0003
0046 0007 0010 0003
0046 0008 0010 0003
0046 0009 0010 0003
0046 0010 0010 0003
0046 0011 0010 0003
0046 0012 0010 0003
0046 0013 0010 0003
0202 0013 0010 0003
0046 0014 0010 0003
0120 0015 0010 0003
0122 0000 0011 0003
0122 0001 0011 0003
0120 0002 0011 0003
0120 0003 0011 0003
0120 0004 0011 0003
0120 0005 0011 0003
0120 0006 0011 0003
0120 0007 0011 0003
0120 0008 0011 0003
0120 0009 0011 0003
0120 0010 0011 0003
0120 0011 0011 0003
0120 0012 0011 0003
0120 0013 0011 0003
0120 0014 0011 0003
0120 0015 0011 0003
0017
name
Paths of Gory
story 9
When you step once again through the portal you get a gut
feeling that this might be just a foretaste of things to
come. You have also noticed that the further you go, the
more you start to feel that you and the magician you
possess (name is William by the way) are the same being. It
terrifies you but is also kind of exciting, maybe that's
the magician finally feeling empowered by being able to
kick the demons' asses that tormented him for the last 200
years.
par 16 22.025
par 0 22.925
par 1 19.75
par 6 14.7
par 8 15.825
""