0000
0016 0012
1189
0120 0000 0000 0001
0120 0001 0000 0001
0120 0002 0000 0001
0120 0003 0000 0001
0120 0004 0000 0001
0120 0005 0000 0001
0120 0006 0000 0001
0120 0007 0000 0001
0120 0008 0000 0001
0120 0009 0000 0001
0120 0010 0000 0001
0120 0011 0000 0001
0120 0012 0000 0001
0120 0013 0000 0001
0120 0014 0000 0001
0120 0015 0000 0001
0120 0000 0001 0001
0046 0001 0001 0001
0046 0002 0001 0001
0046 0003 0001 0001
0046 0004 0001 0001
0046 0005 0001 0001
0046 0006 0001 0001
0046 0007 0001 0001
0046 0008 0001 0001
0046 0009 0001 0001
0046 0010 0001 0001
0046 0011 0001 0001
0046 0012 0001 0001
0046 0013 0001 0001
0046 0014 0001 0001
0120 0015 0001 0001
0120 0000 0002 0001
0046 0001 0002 0001
0046 0002 0002 0001
0120 0003 0002 0001
0120 0004 0002 0001
0046 0005 0002 0001
0120 0006 0002 0001
0120 0007 0002 0001
0120 0008 0002 0001
0120 0009 0002 0001
0120 0010 0002 0001
0120 0011 0002 0001
0120 0012 0002 0001
0046 0013 0002 0001
0046 0014 0002 0001
0120 0015 0002 0001
0120 0000 0003 0001
0046 0001 0003 0001
0120 0002 0003 0001
0120 0003 0003 0001
0046 0004 0003 0001
0046 0005 0003 0001
0046 0006 0003 0001
0046 0007 0003 0001
0046 0008 0003 0001
0046 0009 0003 0001
0046 0010 0003 0001
0046 0011 0003 0001
0120 0012 0003 0001
0120 0013 0003 0001
0046 0014 0003 0001
0120 0015 0003 0001
0120 0000 0004 0001
0046 0001 0004 0001
0120 0002 0004 0001
0046 0003 0004 0001
0046 0004 0004 0001
0046 0005 0004 0001
0046 0006 0004 0001
0046 0007 0004 0001
0046 0008 0004 0001
0046 0009 0004 0001
0046 0010 0004 0001
0046 0011 0004 0001
0046 0012 0004 0001
0120 0013 0004 0001
0046 0014 0004 0001
0120 0015 0004 0001
0120 0000 0005 0001
1001 0001 0005 0001
0120 0002 0005 0001
0046 0003 0005 0001
0046 0004 0005 0001
0046 0005 0005 0001
0046 0006 0005 0001
0113 0007 0005 0001
1002 0008 0005 0001
0113 0009 0005 0001
0046 0010 0005 0001
0046 0011 0005 0001
0202 0011 0005 0001
0046 0012 0005 0001
0120 0013 0005 0001
0046 0014 0005 0001
0120 0015 0005 0001
0120 0000 0006 0001
0046 0001 0006 0001
0120 0002 0006 0001
0046 0003 0006 0001
0046 0004 0006 0001
0046 0005 0006 0001
0202 0005 0006 0001
0046 0006 0006 0001
0113 0007 0006 0001
0113 0008 0006 0001
0113 0009 0006 0001
0046 0010 0006 0001
0046 0011 0006 0001
0046 0012 0006 0001
0120 0013 0006 0001
0046 0014 0006 0001
0120 0015 0006 0001
0120 0000 0007 0001
0046 0001 0007 0001
0120 0002 0007 0001
0046 0003 0007 0001
0046 0004 0007 0001
0046 0005 0007 0001
0046 0006 0007 0001
0046 0007 0007 0001
0046 0008 0007 0001
0046 0009 0007 0001
0046 0010 0007 0001
0046 0011 0007 0001
0046 0012 0007 0001
0120 0013 0007 0001
0046 0014 0007 0001
0120 0015 0007 0001
0120 0000 0008 0001
0046 0001 0008 0001
0120 0002 0008 0001
0120 0003 0008 0001
0046 0004 0008 0001
0046 0005 0008 0001
0046 0006 0008 0001
0046 0007 0008 0001
0046 0008 0008 0001
0046 0009 0008 0001
0046 0010 0008 0001
0046 0011 0008 0001
0120 0012 0008 0001
0120 0013 0008 0001
0046 0014 0008 0001
0120 0015 0008 0001
0120 0000 0009 0001
0046 0001 0009 0001
0046 0002 0009 0001
0120 0003 0009 0001
0120 0004 0009 0001
0120 0005 0009 0001
0120 0006 0009 0001
0120 0007 0009 0001
0120 0008 0009 0001
0046 0009 0009 0001
0120 0010 0009 0001
0120 0011 0009 0001
0120 0012 0009 0001
0046 0013 0009 0001
0046 0014 0009 0001
0120 0015 0009 0001
0120 0000 0010 0001
0046 0001 0010 0001
0046 0002 0010 0001
0046 0003 0010 0001
0046 0004 0010 0001
0046 0005 0010 0001
0046 0006 0010 0001
0046 0007 0010 0001
0046 0008 0010 0001
0046 0009 0010 0001
0046 0010 0010 0001
0046 0011 0010 0001
0046 0012 0010 0001
0046 0013 0010 0001
0046 0014 0010 0001
0120 0015 0010 0001
0120 0000 0011 0001
0120 0001 0011 0001
0120 0002 0011 0001
0120 0003 0011 0001
0120 0004 0011 0001
0120 0005 0011 0001
0120 0006 0011 0001
0120 0007 0011 0001
0120 0008 0011 0001
0120 0009 0011 0001
0120 0010 0011 0001
0120 0011 0011 0001
0120 0012 0011 0001
0120 0013 0011 0001
0120 0014 0011 0001
0120 0015 0011 0001
0120 0000 0000 0002
0120 0001 0000 0002
0120 0002 0000 0002
0120 0003 0000 0002
0120 0004 0000 0002
0120 0005 0000 0002
0113 0006 0000 0002
0113 0007 0000 0002
0113 0008 0000 0002
0120 0009 0000 0002
0120 0010 0000 0002
0120 0011 0000 0002
0120 0012 0000 0002
0120 0013 0000 0002
0120 0014 0000 0002
0120 0015 0000 0002
0120 0000 0001 0002
0046 0001 0001 0002
0203 0001 0001 0002
0046 0002 0001 0002
0120 0003 0001 0002
0046 0004 0001 0002
0046 0005 0001 0002
0120 0006 0001 0002
1003 0007 0001 0002
0120 0008 0001 0002
0046 0009 0001 0002
0046 0010 0001 0002
0120 0011 0001 0002
0046 0012 0001 0002
0046 0013 0001 0002
0046 0014 0001 0002
0120 0015 0001 0002
0120 0000 0002 0002
0120 0001 0002 0002
0046 0002 0002 0002
0120 0003 0002 0002
0046 0004 0002 0002
0046 0005 0002 0002
0046 0006 0002 0002
0046 0007 0002 0002
0046 0008 0002 0002
0046 0009 0002 0002
0046 0010 0002 0002
0120 0011 0002 0002
0046 0012 0002 0002
0046 0013 0002 0002
0046 0014 0002 0002
0120 0015 0002 0002
0120 0000 0003 0002
0046 0001 0003 0002
0046 0002 0003 0002
0046 0003 0003 0002
0046 0004 0003 0002
0120 0005 0003 0002
0120 0006 0003 0002
0113 0007 0003 0002
0120 0008 0003 0002
0120 0009 0003 0002
0046 0010 0003 0002
0046 0011 0003 0002
0046 0012 0003 0002
0046 0013 0003 0002
0046 0014 0003 0002
0120 0015 0003 0002
0120 0000 0004 0002
0046 0001 0004 0002
0046 0002 0004 0002
0200 0002 0004 0002
0046 0003 0004 0002
0046 0004 0004 0002
0120 0005 0004 0002
0122 0006 0004 0002
0122 0007 0004 0002
0122 0008 0004 0002
0120 0009 0004 0002
0046 0010 0004 0002
0046 0011 0004 0002
0201 0011 0004 0002
0046 0012 0004 0002
0201 0012 0004 0002
0046 0013 0004 0002
0201 0013 0004 0002
0046 0014 0004 0002
0120 0015 0004 0002
0120 0000 0005 0002
0046 0001 0005 0002
0200 0001 0005 0002
0046 0002 0005 0002
0046 0003 0005 0002
0200 0003 0005 0002
0046 0004 0005 0002
0120 0005 0005 0002
0120 0006 0005 0002
1001 0007 0005 0002
0120 0008 0005 0002
0120 0009 0005 0002
0046 0010 0005 0002
0046 0011 0005 0002
0046 0012 0005 0002
0046 0013 0005 0002
0046 0014 0005 0002
0120 0015 0005 0002
0120 0000 0006 0002
0046 0001 0006 0002
0046 0002 0006 0002
0046 0003 0006 0002
0200 0003 0006 0002
0046 0004 0006 0002
0046 0005 0006 0002
0120 0006 0006 0002
0046 0007 0006 0002
0120 0008 0006 0002
0046 0009 0006 0002
0046 0010 0006 0002
0046 0011 0006 0002
0201 0011 0006 0002
0046 0012 0006 0002
0046 0013 0006 0002
0201 0013 0006 0002
0046 0014 0006 0002
0120 0015 0006 0002
0120 0000 0007 0002
0046 0001 0007 0002
0200 0001 0007 0002
0046 0002 0007 0002
0046 0003 0007 0002
0046 0004 0007 0002
0046 0005 0007 0002
0120 0006 0007 0002
0046 0007 0007 0002
0120 0008 0007 0002
0046 0009 0007 0002
0046 0010 0007 0002
0046 0011 0007 0002
0046 0012 0007 0002
0046 0013 0007 0002
0046 0014 0007 0002
0120 0015 0007 0002
0120 0000 0008 0002
0046 0001 0008 0002
0200 0001 0008 0002
0046 0002 0008 0002
0046 0003 0008 0002
0200 0003 0008 0002
0046 0004 0008 0002
0046 0005 0008 0002
0120 0006 0008 0002
0046 0007 0008 0002
0120 0008 0008 0002
0046 0009 0008 0002
0046 0010 0008 0002
0046 0011 0008 0002
0201 0011 0008 0002
0046 0012 0008 0002
0046 0013 0008 0002
0201 0013 0008 0002
0046 0014 0008 0002
0120 0015 0008 0002
0120 0000 0009 0002
0046 0001 0009 0002
0046 0002 0009 0002
0046 0003 0009 0002
0046 0004 0009 0002
0046 0005 0009 0002
0120 0006 0009 0002
0046 0007 0009 0002
0120 0008 0009 0002
0046 0009 0009 0002
0046 0010 0009 0002
0046 0011 0009 0002
0046 0012 0009 0002
0046 0013 0009 0002
0046 0014 0009 0002
0120 0015 0009 0002
0120 0000 0010 0002
0046 0001 0010 0002
0046 0002 0010 0002
0046 0003 0010 0002
0046 0004 0010 0002
0046 0005 0010 0002
0046 0006 0010 0002
0046 0007 0010 0002
0046 0008 0010 0002
0046 0009 0010 0002
0046 0010 0010 0002
0046 0011 0010 0002
0046 0012 0010 0002
0046 0013 0010 0002
0046 0014 0010 0002
0120 0015 0010 0002
0120 0000 0011 0002
0120 0001 0011 0002
0120 0002 0011 0002
0120 0003 0011 0002
0120 0004 0011 0002
0120 0005 0011 0002
0120 0006 0011 0002
0113 0007 0011 0002
0120 0008 0011 0002
0120 0009 0011 0002
0120 0010 0011 0002
0120 0011 0011 0002
0120 0012 0011 0002
0120 0013 0011 0002
0120 0014 0011 0002
0120 0015 0011 0002
0120 0000 0000 0003
0120 0001 0000 0003
0120 0002 0000 0003
0120 0003 0000 0003
0120 0004 0000 0003
0120 0005 0000 0003
0120 0006 0000 0003
0120 0007 0000 0003
0120 0008 0000 0003
0120 0009 0000 0003
0120 0010 0000 0003
0120 0011 0000 0003
0120 0012 0000 0003
0120 0013 0000 0003
0120 0014 0000 0003
0120 0015 0000 0003
0120 0000 0001 0003
0046 0001 0001 0003
0046 0002 0001 0003
0046 0003 0001 0003
0046 0004 0001 0003
0046 0005 0001 0003
0046 0006 0001 0003
0046 0007 0001 0003
0046 0008 0001 0003
0046 0009 0001 0003
0046 0010 0001 0003
0046 0011 0001 0003
0046 0012 0001 0003
0046 0013 0001 0003
0046 0014 0001 0003
0120 0015 0001 0003
0120 0000 0002 0003
0046 0001 0002 0003
0046 0002 0002 0003
0120 0003 0002 0003
0046 0004 0002 0003
0120 0005 0002 0003
0120 0006 0002 0003
0120 0007 0002 0003
0046 0008 0002 0003
0046 0009 0002 0003
0046 0010 0002 0003
0120 0011 0002 0003
0120 0012 0002 0003
0120 0013 0002 0003
0046 0014 0002 0003
0120 0015 0002 0003
0120 0000 0003 0003
0120 0001 0003 0003
0046 0002 0003 0003
0120 0003 0003 0003
0046 0004 0003 0003
0203 0004 0003 0003
0046 0005 0003 0003
0203 0005 0003 0003
0046 0006 0003 0003
0203 0006 0003 0003
0120 0007 0003 0003
0046 0008 0003 0003
0046 0009 0003 0003
0046 0010 0003 0003
1006 0011 0003 0003
0113 0012 0003 0003
0120 0013 0003 0003
0046 0014 0003 0003
0120 0015 0003 0003
0120 0000 0004 0003
0120 0001 0004 0003
0046 0002 0004 0003
0120 0003 0004 0003
0120 0004 0004 0003
0120 0005 0004 0003
0120 0006 0004 0003
0120 0007 0004 0003
0046 0008 0004 0003
0046 0009 0004 0003
0120 0010 0004 0003
0120 0011 0004 0003
0120 0012 0004 0003
0120 0013 0004 0003
0046 0014 0004 0003
0120 0015 0004 0003
0120 0000 0005 0003
0046 0001 0005 0003
0046 0002 0005 0003
0046 0003 0005 0003
0046 0004 0005 0003
0046 0005 0005 0003
0046 0006 0005 0003
0046 0007 0005 0003
0046 0008 0005 0003
0046 0009 0005 0003
0200 0009 0005 0003
0046 0010 0005 0003
0046 0011 0005 0003
0046 0012 0005 0003
0046 0013 0005 0003
0046 0014 0005 0003
0120 0015 0005 0003
0120 0000 0006 0003
0046 0001 0006 0003
0046 0002 0006 0003
0046 0003 0006 0003
0120 0004 0006 0003
0046 0005 0006 0003
0046 0006 0006 0003
0046 0007 0006 0003
0046 0008 0006 0003
0046 0009 0006 0003
0046 0010 0006 0003
0046 0011 0006 0003
0046 0012 0006 0003
0046 0013 0006 0003
0046 0014 0006 0003
0200 0014 0006 0003
0120 0015 0006 0003
0120 0000 0007 0003
0046 0001 0007 0003
0046 0002 0007 0003
0046 0003 0007 0003
0120 0004 0007 0003
0046 0005 0007 0003
0120 0006 0007 0003
0046 0007 0007 0003
0120 0008 0007 0003
0120 0009 0007 0003
0120 0010 0007 0003
0046 0011 0007 0003
0046 0012 0007 0003
0046 0013 0007 0003
0046 0014 0007 0003
0120 0015 0007 0003
0120 0000 0008 0003
0046 0001 0008 0003
0046 0002 0008 0003
0046 0003 0008 0003
0120 0004 0008 0003
0046 0005 0008 0003
0120 0006 0008 0003
0046 0007 0008 0003
0120 0008 0008 0003
0113 0009 0008 0003
0120 0010 0008 0003
0046 0011 0008 0003
0120 0012 0008 0003
0120 0013 0008 0003
0120 0014 0008 0003
0120 0015 0008 0003
0120 0000 0009 0003
0046 0001 0009 0003
0046 0002 0009 0003
0046 0003 0009 0003
0120 0004 0009 0003
0046 0005 0009 0003
0120 0006 0009 0003
0046 0007 0009 0003
0120 0008 0009 0003
1005 0009 0009 0003
0120 0010 0009 0003
0046 0011 0009 0003
0120 0012 0009 0003
0122 0013 0009 0003
0122 0014 0009 0003
0122 0015 0009 0003
0120 0000 0010 0003
0046 0001 0010 0003
0046 0002 0010 0003
0046 0003 0010 0003
0120 0004 0010 0003
0046 0005 0010 0003
0200 0005 0010 0003
0046 0006 0010 0003
0046 0007 0010 0003
0046 0008 0010 0003
0046 0009 0010 0003
0046 0010 0010 0003
0046 0011 0010 0003
0120 0012 0010 0003
0122 0013 0010 0003
0113 0014 0010 0003
0122 0015 0010 0003
0120 0000 0011 0003
0120 0001 0011 0003
1002 0002 0011 0003
0120 0003 0011 0003
0120 0004 0011 0003
0120 0005 0011 0003
0120 0006 0011 0003
0120 0007 0011 0003
0120 0008 0011 0003
0120 0009 0011 0003
0120 0010 0011 0003
0120 0011 0011 0003
0120 0012 0011 0003
0122 0013 0011 0003
0122 0014 0011 0003
0122 0015 0011 0003
0046 0000 0000 0004
0120 0001 0000 0004
0046 0002 0000 0004
0120 0003 0000 0004
0046 0004 0000 0004
0046 0005 0000 0004
0120 0006 0000 0004
0046 0007 0000 0004
0120 0008 0000 0004
0120 0009 0000 0004
0046 0010 0000 0004
0120 0011 0000 0004
0120 0012 0000 0004
0046 0013 0000 0004
0046 0014 0000 0004
0046 0015 0000 0004
0046 0000 0001 0004
0046 0001 0001 0004
0046 0002 0001 0004
0120 0003 0001 0004
0046 0004 0001 0004
0046 0005 0001 0004
0120 0006 0001 0004
0046 0007 0001 0004
0120 0008 0001 0004
0120 0009 0001 0004
0046 0010 0001 0004
0120 0011 0001 0004
0120 0012 0001 0004
0046 0013 0001 0004
0120 0014 0001 0004
0046 0015 0001 0004
0046 0000 0002 0004
0120 0001 0002 0004
0046 0002 0002 0004
0120 0003 0002 0004
0046 0004 0002 0004
0120 0005 0002 0004
0120 0006 0002 0004
0046 0007 0002 0004
0120 0008 0002 0004
0120 0009 0002 0004
0046 0010 0002 0004
0120 0011 0002 0004
0120 0012 0002 0004
0046 0013 0002 0004
0120 0014 0002 0004
0046 0015 0002 0004
0046 0000 0003 0004
0120 0001 0003 0004
0046 0002 0003 0004
0120 0003 0003 0004
0046 0004 0003 0004
0046 0005 0003 0004
0120 0006 0003 0004
0046 0007 0003 0004
0046 0008 0003 0004
0120 0009 0003 0004
0046 0010 0003 0004
0046 0011 0003 0004
0120 0012 0003 0004
0046 0013 0003 0004
0046 0014 0003 0004
0046 0015 0003 0004
0120 0000 0004 0004
0120 0001 0004 0004
0120 0002 0004 0004
0120 0003 0004 0004
0120 0004 0004 0004
0120 0005 0004 0004
0120 0006 0004 0004
0120 0007 0004 0004
0120 0008 0004 0004
0120 0009 0004 0004
0120 0010 0004 0004
0120 0011 0004 0004
0120 0012 0004 0004
0120 0013 0004 0004
0120 0014 0004 0004
0120 0015 0004 0004
0046 0000 0005 0004
0120 0001 0005 0004
0046 0002 0005 0004
0120 0003 0005 0004
0046 0004 0005 0004
0046 0005 0005 0004
0046 0006 0005 0004
0120 0007 0005 0004
0046 0008 0005 0004
0046 0009 0005 0004
0046 0010 0005 0004
0120 0011 0005 0004
0046 0012 0005 0004
0120 0013 0005 0004
0120 0014 0005 0004
0122 0015 0005 0004
0046 0000 0006 0004
0120 0001 0006 0004
0046 0002 0006 0004
0120 0003 0006 0004
0046 0004 0006 0004
0120 0005 0006 0004
0046 0006 0006 0004
0120 0007 0006 0004
0046 0008 0006 0004
0120 0009 0006 0004
0046 0010 0006 0004
0120 0011 0006 0004
0046 0012 0006 0004
0120 0013 0006 0004
0120 0014 0006 0004
0122 0015 0006 0004
0046 0000 0007 0004
0046 0001 0007 0004
0046 0002 0007 0004
0120 0003 0007 0004
0046 0004 0007 0004
0120 0005 0007 0004
0046 0006 0007 0004
0120 0007 0007 0004
0046 0008 0007 0004
0046 0009 0007 0004
0120 0010 0007 0004
0120 0011 0007 0004
0046 0012 0007 0004
0120 0013 0007 0004
0122 0014 0007 0004
0122 0015 0007 0004
0120 0000 0008 0004
0046 0001 0008 0004
0046 0002 0008 0004
0120 0003 0008 0004
0046 0004 0008 0004
0046 0005 0008 0004
0046 0006 0008 0004
0120 0007 0008 0004
0046 0008 0008 0004
0120 0009 0008 0004
0046 0010 0008 0004
0120 0011 0008 0004
0046 0012 0008 0004
0046 0013 0008 0004
0122 0014 0008 0004
0122 0015 0008 0004
0120 0000 0009 0004
0120 0001 0009 0004
0120 0002 0009 0004
0120 0003 0009 0004
0120 0004 0009 0004
0120 0005 0009 0004
0120 0006 0009 0004
0120 0007 0009 0004
0120 0008 0009 0004
0120 0009 0009 0004
0120 0010 0009 0004
0120 0011 0009 0004
0120 0012 0009 0004
0120 0013 0009 0004
0120 0014 0009 0004
0120 0015 0009 0004
0122 0000 0010 0004
0122 0001 0010 0004
0122 0002 0010 0004
0122 0003 0010 0004
0122 0004 0010 0004
0122 0005 0010 0004
0122 0006 0010 0004
0122 0007 0010 0004
0122 0008 0010 0004
0122 0009 0010 0004
0122 0010 0010 0004
0122 0011 0010 0004
0122 0012 0010 0004
0122 0013 0010 0004
0122 0014 0010 0004
0122 0015 0010 0004
0120 0000 0011 0004
0120 0001 0011 0004
0120 0002 0011 0004
0120 0003 0011 0004
0120 0004 0011 0004
0120 0005 0011 0004
0120 0006 0011 0004
0120 0007 0011 0004
0120 0008 0011 0004
0120 0009 0011 0004
0120 0010 0011 0004
0120 0011 0011 0004
0120 0012 0011 0004
0120 0013 0011 0004
0120 0014 0011 0004
0120 0015 0011 0004
0122 0000 0000 0005
0120 0001 0000 0005
0120 0002 0000 0005
0120 0003 0000 0005
0120 0004 0000 0005
0120 0005 0000 0005
0120 0006 0000 0005
0120 0007 0000 0005
0120 0008 0000 0005
0120 0009 0000 0005
0120 0010 0000 0005
0120 0011 0000 0005
0120 0012 0000 0005
0120 0013 0000 0005
0120 0014 0000 0005
0120 0015 0000 0005
0122 0000 0001 0005
0120 0001 0001 0005
0046 0002 0001 0005
0046 0003 0001 0005
0046 0004 0001 0005
0046 0005 0001 0005
0046 0006 0001 0005
0046 0007 0001 0005
0046 0008 0001 0005
0046 0009 0001 0005
0046 0010 0001 0005
0046 0011 0001 0005
0046 0012 0001 0005
0046 0013 0001 0005
0046 0014 0001 0005
0120 0015 0001 0005
0122 0000 0002 0005
0120 0001 0002 0005
0046 0002 0002 0005
0046 0003 0002 0005
0046 0004 0002 0005
0046 0005 0002 0005
0046 0006 0002 0005
0046 0007 0002 0005
0046 0008 0002 0005
0202 0008 0002 0005
0046 0009 0002 0005
0046 0010 0002 0005
0046 0011 0002 0005
0046 0012 0002 0005
0046 0013 0002 0005
0046 0014 0002 0005
0120 0015 0002 0005
0122 0000 0003 0005
0120 0001 0003 0005
0046 0002 0003 0005
0046 0003 0003 0005
0046 0004 0003 0005
0120 0005 0003 0005
0120 0006 0003 0005
0046 0007 0003 0005
0046 0008 0003 0005
0046 0009 0003 0005
0046 0010 0003 0005
0046 0011 0003 0005
0202 0011 0003 0005
0046 0012 0003 0005
0046 0013 0003 0005
0046 0014 0003 0005
0120 0015 0003 0005
0120 0000 0004 0005
0120 0001 0004 0005
0046 0002 0004 0005
0046 0003 0004 0005
0046 0004 0004 0005
0046 0005 0004 0005
0113 0006 0004 0005
0120 0007 0004 0005
0046 0008 0004 0005
0046 0009 0004 0005
0046 0010 0004 0005
0046 0011 0004 0005
0046 0012 0004 0005
0046 0013 0004 0005
0202 0013 0004 0005
0046 0014 0004 0005
0120 0015 0004 0005
0120 0000 0005 0005
0046 0001 0005 0005
0046 0002 0005 0005
0120 0003 0005 0005
0046 0004 0005 0005
0046 0005 0005 0005
0046 0006 0005 0005
0120 0007 0005 0005
0120 0008 0005 0005
0113 0009 0005 0005
0120 0010 0005 0005
0046 0011 0005 0005
0046 0012 0005 0005
0046 0013 0005 0005
0046 0014 0005 0005
0120 0015 0005 0005
0120 0000 0006 0005
0046 0001 0006 0005
0046 0002 0006 0005
0120 0003 0006 0005
0113 0004 0006 0005
0120 0005 0006 0005
0046 0006 0006 0005
0046 0007 0006 0005
0046 0008 0006 0005
0046 0009 0006 0005
0120 0010 0006 0005
0120 0011 0006 0005
0120 0012 0006 0005
0046 0013 0006 0005
0046 0014 0006 0005
0120 0015 0006 0005
0120 0000 0007 0005
0046 0001 0007 0005
0046 0002 0007 0005
0046 0003 0007 0005
0046 0004 0007 0005
0120 0005 0007 0005
0120 0006 0007 0005
0120 0007 0007 0005
0046 0008 0007 0005
0046 0009 0007 0005
0046 0010 0007 0005
0046 0011 0007 0005
0120 0012 0007 0005
0046 0013 0007 0005
0046 0014 0007 0005
0120 0015 0007 0005
0120 0000 0008 0005
0046 0001 0008 0005
0046 0002 0008 0005
0202 0002 0008 0005
0046 0003 0008 0005
0046 0004 0008 0005
0120 0005 0008 0005
1006 0006 0008 0005
0120 0007 0008 0005
0113 0008 0008 0005
0120 0009 0008 0005
0046 0010 0008 0005
0046 0011 0008 0005
0046 0012 0008 0005
0046 0013 0008 0005
0046 0014 0008 0005
0120 0015 0008 0005
0120 0000 0009 0005
0046 0001 0009 0005
0046 0002 0009 0005
0046 0003 0009 0005
0202 0003 0009 0005
0046 0004 0009 0005
0046 0005 0009 0005
0046 0006 0009 0005
0046 0007 0009 0005
0046 0008 0009 0005
0120 0009 0009 0005
0120 0010 0009 0005
0046 0011 0009 0005
0046 0012 0009 0005
0046 0013 0009 0005
0046 0014 0009 0005
0120 0015 0009 0005
0120 0000 0010 0005
0046 0001 0010 0005
0046 0002 0010 0005
0046 0003 0010 0005
0046 0004 0010 0005
0046 0005 0010 0005
0046 0006 0010 0005
0202 0006 0010 0005
0046 0007 0010 0005
0046 0008 0010 0005
0046 0009 0010 0005
0120 0010 0010 0005
0046 0011 0010 0005
0046 0012 0010 0005
0046 0013 0010 0005
0046 0014 0010 0005
0120 0015 0010 0005
0120 0000 0011 0005
0120 0001 0011 0005
0120 0002 0011 0005
0120 0003 0011 0005
0120 0004 0011 0005
0120 0005 0011 0005
0120 0006 0011 0005
0120 0007 0011 0005
0120 0008 0011 0005
0120 0009 0011 0005
0120 0010 0011 0005
1003 0011 0011 0005
0120 0012 0011 0005
0120 0013 0011 0005
0120 0014 0011 0005
0120 0015 0011 0005
0120 0000 0000 0006
0120 0001 0000 0006
0120 0002 0000 0006
0120 0003 0000 0006
0120 0004 0000 0006
0120 0005 0000 0006
0120 0006 0000 0006
0120 0007 0000 0006
0120 0008 0000 0006
0120 0009 0000 0006
0120 0010 0000 0006
0120 0011 0000 0006
0120 0012 0000 0006
0120 0013 0000 0006
0120 0014 0000 0006
0120 0015 0000 0006
0120 0000 0001 0006
0046 0001 0001 0006
0046 0002 0001 0006
0046 0003 0001 0006
0046 0004 0001 0006
0046 0005 0001 0006
0202 0005 0001 0006
0046 0006 0001 0006
0046 0007 0001 0006
0046 0008 0001 0006
0046 0009 0001 0006
0046 0010 0001 0006
0046 0011 0001 0006
0046 0012 0001 0006
0046 0013 0001 0006
0046 0014 0001 0006
0120 0015 0001 0006
0120 0000 0002 0006
0046 0001 0002 0006
0046 0002 0002 0006
0046 0003 0002 0006
0046 0004 0002 0006
0046 0005 0002 0006
0046 0006 0002 0006
0046 0007 0002 0006
0046 0008 0002 0006
0046 0009 0002 0006
0046 0010 0002 0006
0120 0011 0002 0006
0120 0012 0002 0006
0120 0013 0002 0006
0046 0014 0002 0006
0120 0015 0002 0006
0120 0000 0003 0006
0120 0001 0003 0006
0120 0002 0003 0006
0120 0003 0003 0006
0120 0004 0003 0006
0120 0005 0003 0006
0120 0006 0003 0006
0120 0007 0003 0006
0046 0008 0003 0006
0046 0009 0003 0006
0046 0010 0003 0006
0120 0011 0003 0006
0120 0012 0003 0006
0120 0013 0003 0006
0046 0014 0003 0006
0120 0015 0003 0006
0120 0000 0004 0006
0120 0001 0004 0006
0046 0002 0004 0006
0046 0003 0004 0006
0046 0004 0004 0006
0046 0005 0004 0006
0046 0006 0004 0006
0120 0007 0004 0006
0046 0008 0004 0006
0046 0009 0004 0006
0046 0010 0004 0006
0120 0011 0004 0006
1003 0012 0004 0006
0046 0013 0004 0006
0046 0014 0004 0006
0120 0015 0004 0006
0120 0000 0005 0006
0120 0001 0005 0006
0046 0002 0005 0006
0060 0003 0005 0006
0060 0004 0005 0006
0060 0005 0005 0006
0046 0006 0005 0006
0120 0007 0005 0006
0113 0008 0005 0006
0122 0009 0005 0006
0122 0010 0005 0006
0120 0011 0005 0006
0120 0012 0005 0006
0120 0013 0005 0006
0046 0014 0005 0006
0120 0015 0005 0006
0120 0000 0006 0006
0046 0001 0006 0006
0200 0001 0006 0006
0046 0002 0006 0006
0046 0003 0006 0006
0046 0004 0006 0006
0046 0005 0006 0006
0046 0006 0006 0006
0200 0006 0006 0006
0120 0007 0006 0006
0122 0008 0006 0006
0122 0009 0006 0006
0122 0010 0006 0006
0122 0011 0006 0006
0120 0012 0006 0006
0046 0013 0006 0006
0046 0014 0006 0006
0120 0015 0006 0006
0120 0000 0007 0006
0120 0001 0007 0006
0046 0002 0007 0006
0046 0003 0007 0006
0046 0004 0007 0006
0046 0005 0007 0006
0046 0006 0007 0006
0200 0006 0007 0006
0120 0007 0007 0006
0122 0008 0007 0006
0122 0009 0007 0006
0122 0010 0007 0006
0120 0011 0007 0006
0120 0012 0007 0006
0046 0013 0007 0006
0046 0014 0007 0006
0120 0015 0007 0006
0120 0000 0008 0006
0120 0001 0008 0006
0046 0002 0008 0006
0046 0003 0008 0006
0046 0004 0008 0006
0120 0005 0008 0006
0120 0006 0008 0006
0120 0007 0008 0006
0120 0008 0008 0006
0120 0009 0008 0006
0120 0010 0008 0006
0120 0011 0008 0006
0059 0012 0008 0006
0059 0013 0008 0006
0059 0014 0008 0006
0120 0015 0008 0006
0120 0000 0009 0006
0046 0001 0009 0006
0046 0002 0009 0006
0046 0003 0009 0006
0046 0004 0009 0006
0120 0005 0009 0006
0046 0006 0009 0006
0044 0007 0009 0006
0046 0008 0009 0006
0046 0009 0009 0006
0046 0010 0009 0006
0046 0011 0009 0006
0046 0012 0009 0006
0046 0013 0009 0006
0046 0014 0009 0006
0120 0015 0009 0006
0120 0000 0010 0006
0120 0001 0010 0006
0046 0002 0010 0006
0059 0003 0010 0006
0059 0004 0010 0006
0059 0005 0010 0006
0046 0006 0010 0006
0120 0007 0010 0006
0046 0008 0010 0006
0203 0008 0010 0006
0046 0009 0010 0006
0203 0009 0010 0006
0046 0010 0010 0006
0203 0010 0010 0006
0046 0011 0010 0006
0203 0011 0010 0006
0046 0012 0010 0006
0046 0013 0010 0006
0046 0014 0010 0006
0120 0015 0010 0006
0120 0000 0011 0006
0120 0001 0011 0006
0120 0002 0011 0006
0120 0003 0011 0006
1005 0004 0011 0006
0120 0005 0011 0006
0120 0006 0011 0006
0120 0007 0011 0006
0120 0008 0011 0006
0120 0009 0011 0006
0120 0010 0011 0006
0120 0011 0011 0006
0120 0012 0011 0006
0120 0013 0011 0006
0120 0014 0011 0006
0120 0015 0011 0006
0017
name
The Altar of the Cursed God
story 9
Sometimes when you fight evil with violence you can't avoid
helping some evil parties that also benefit from crushing
your enemies. Today, as you enter the portal, you feel
through your soul how the Cursed God thanks you for the
plentiful offering. He says that it will make him so
powerful that he can hammer through the anti-vax campaing
he has been supporting together with his good friend
Pestilence. On the other hand, maybe it's good that not all
the evil creatures consider you their enemy.
par 16 47.75
par 0 41.775
par 1 44.525
par 6 37.95
par 8 30.55
""