X(duedit_compatible)
*@tiles
120 0 0 1
205 0 0 1
120 1 0 1
120 2 0 1
120 3 0 1
113 4 0 1
113 5 0 1
113 6 0 1
113 7 0 1
113 8 0 1
113 9 0 1
113 10 0 1
120 11 0 1
120 12 0 1
120 13 0 1
120 14 0 1
120 15 0 1
120 0 1 1
120 1 1 1
120 2 1 1
120 3 1 1
113 4 1 1
46 5 1 1
46 6 1 1
46 7 1 1
46 8 1 1
46 9 1 1
113 10 1 1
120 11 1 1
120 12 1 1
120 13 1 1
120 14 1 1
120 15 1 1
120 0 2 1
120 1 2 1
120 2 2 1
120 3 2 1
113 4 2 1
46 5 2 1
46 6 2 1
120 7 2 1
120 8 2 1
46 9 2 1
113 10 2 1
120 11 2 1
120 12 2 1
120 13 2 1
120 14 2 1
120 15 2 1
120 0 3 1
120 1 3 1
120 2 3 1
120 3 3 1
113 4 3 1
46 5 3 1
46 6 3 1
46 7 3 1
46 8 3 1
46 9 3 1
113 10 3 1
120 11 3 1
120 12 3 1
120 13 3 1
120 14 3 1
120 15 3 1
120 0 4 1
120 1 4 1
120 2 4 1
120 3 4 1
113 4 4 1
46 5 4 1
120 6 4 1
120 7 4 1
46 8 4 1
46 9 4 1
113 10 4 1
120 11 4 1
120 12 4 1
120 13 4 1
120 14 4 1
120 15 4 1
120 0 5 1
120 1 5 1
120 2 5 1
120 3 5 1
113 4 5 1
46 5 5 1
46 6 5 1
46 7 5 1
46 8 5 1
46 9 5 1
113 10 5 1
120 11 5 1
120 12 5 1
120 13 5 1
120 14 5 1
120 15 5 1
120 0 6 1
120 1 6 1
120 2 6 1
120 3 6 1
113 4 6 1
46 5 6 1
46 6 6 1
120 7 6 1
120 8 6 1
46 9 6 1
113 10 6 1
120 11 6 1
120 12 6 1
120 13 6 1
120 14 6 1
120 15 6 1
120 0 7 1
120 1 7 1
120 2 7 1
120 3 7 1
113 4 7 1
46 5 7 1
46 6 7 1
46 7 7 1
46 8 7 1
46 9 7 1
113 10 7 1
120 11 7 1
120 12 7 1
120 13 7 1
120 14 7 1
120 15 7 1
120 0 8 1
120 1 8 1
120 2 8 1
120 3 8 1
113 4 8 1
46 5 8 1
120 6 8 1
120 7 8 1
46 8 8 1
46 9 8 1
113 10 8 1
120 11 8 1
120 12 8 1
120 13 8 1
120 14 8 1
120 15 8 1
120 0 9 1
120 1 9 1
120 2 9 1
120 3 9 1
113 4 9 1
46 5 9 1
46 6 9 1
46 7 9 1
46 8 9 1
46 9 9 1
113 10 9 1
120 11 9 1
120 12 9 1
120 13 9 1
120 14 9 1
120 15 9 1
120 0 10 1
120 1 10 1
120 2 10 1
120 3 10 1
113 4 10 1
46 5 10 1
46 6 10 1
1001 7 10 1
46 8 10 1
46 9 10 1
113 10 10 1
120 11 10 1
120 12 10 1
120 13 10 1
120 14 10 1
120 15 10 1
120 0 11 1
120 1 11 1
120 2 11 1
120 3 11 1
113 4 11 1
113 5 11 1
113 6 11 1
113 7 11 1
113 8 11 1
113 9 11 1
113 10 11 1
120 11 11 1
120 12 11 1
120 13 11 1
120 14 11 1
120 15 11 1
*?level_read = 1 +end
*@metadata
*=name"Arena -- Slaughterhouse"
*=bossfight"core-pack\arena_104.ini"
*=mute_bosstalk"1"
*=wall_color"0 0.2 0.4"
*@+end
